2 0.747086247086247 0.5605095541401274 0.03263403263403263 0.06687898089171974
1 0.2663170163170163 0.8455414012738853 0.05244755244755245 0.1464968152866242
1 0.6136363636363636 0.4729299363057325 0.03613053613053613 0.0732484076433121
1 0.8409090909090909 0.11624203821656051 0.03613053613053613 0.0732484076433121
1 0.7027972027972028 0.2961783439490446 0.09324009324009325 0.05732484076433121
1 0.48892773892773894 0.5286624203821656 0.0944055944055944 0.06050955414012739
1 0.19114219114219114 0.839968152866242 0.03496503496503497 0.052547770700636945
2 0.5874125874125874 0.6624203821656051 0.06293706293706294 0.050955414012738856
0 0.09382284382284382 0.4729299363057325 0.03613053613053613 0.0732484076433121
0 0.18181818181818182 0.464171974522293 0.04195804195804196 0.030254777070063694
