0 0.8152680652680653 0.267515923566879 0.08974358974358974 0.08598726114649681
2 0.6462703962703963 0.08917197452229299 0.038461538461538464 0.08280254777070063
0 0.7022144522144522 0.046974522292993634 0.054778554778554776 0.04936305732484077
0 0.8892773892773893 0.9227707006369427 0.030303030303030304 0.07165605095541401
0 0.42132867132867136 0.8288216560509554 0.08508158508158509 0.07484076433121019
2 0.7843822843822844 0.08598726114649681 0.027972027972027972 0.08280254777070063
0 0.8111888111888111 0.8742038216560509 0.06993006993006994 0.07006369426751592
1 0.1386946386946387 0.7714968152866242 0.018648018648018648 0.04936305732484077
0 0.6311188811188811 0.9546178343949044 0.0337995337995338 0.08121019108280254
1 0.21386946386946387 0.856687898089172 0.13403263403263405 0.09872611464968153
