2 0.3822843822843823 0.8519108280254777 0.030303030303030304 0.08280254777070063
1 0.9586247086247086 0.49522292993630573 0.05944055944055944 0.1305732484076433
1 0.4318181818181818 0.15047770700636942 0.05944055944055944 0.1321656050955414
2 0.6130536130536131 0.321656050955414 0.037296037296037296 0.09554140127388536
1 0.051864801864801864 0.2444267515923567 0.05944055944055944 0.1321656050955414
2 0.3071095571095571 0.20621019108280256 0.06876456876456877 0.042993630573248405
2 0.3916083916083916 0.731687898089172 0.037296037296037296 0.02388535031847134
2 0.6101398601398601 0.4585987261146497 0.09906759906759907 0.06369426751592357
2 0.8362470862470862 0.15047770700636942 0.05944055944055944 0.04617834394904458
1 0.17832167832167833 0.51671974522293 0.08158508158508158 0.06210191082802548
