1 0.8269230769230769 0.8781847133757962 0.047785547785547784 0.1321656050955414
0 0.4493006993006993 0.6114649681528662 0.024475524475524476 0.050955414012738856
2 0.9364801864801865 0.15047770700636942 0.06177156177156177 0.052547770700636945
1 0.6520979020979021 0.8152866242038217 0.03613053613053613 0.022292993630573247
1 0.9504662004662005 0.7380573248407644 0.05944055944055944 0.1321656050955414
1 0.9399766899766899 0.2619426751592357 0.05944055944055944 0.042993630573248405
0 0.578088578088578 0.7101910828025477 0.037296037296037296 0.08598726114649681
1 0.06818181818181818 0.36703821656050956 0.054778554778554776 0.11305732484076433
2 0.42074592074592077 0.09235668789808917 0.030303030303030304 0.07961783439490445
1 0.87004662004662 0.17038216560509553 0.0337995337995338 0.0732484076433121
