1 0.10431235431235432 0.07085987261146497 0.017482517482517484 0.052547770700636945
2 0.8333333333333334 0.767515923566879 0.07459207459207459 0.050955414012738856
2 0.6322843822843823 0.5342356687898089 0.04079254079254079 0.10668789808917198
1 0.493006993006993 0.6377388535031847 0.07692307692307693 0.052547770700636945
0 0.31585081585081587 0.5700636942675159 0.055944055944055944 0.08917197452229299
0 0.9405594405594405 0.37977707006369427 0.07925407925407925 0.06210191082802548
2 0.7412587412587412 0.23487261146496816 0.05128205128205128 0.030254777070063694
1 0.7453379953379954 0.8495222929936306 0.06177156177156177 0.11305732484076433
1 0.3560606060606061 0.06847133757961783 0.05944055944055944 0.1305732484076433
2 0.831002331002331 0.6218152866242038 0.037296037296037296 0.08439490445859872
