1 0.06060606060606061 0.4482484076433121 0.07226107226107226 0.14171974522292993
1 0.19055944055944055 0.37261146496815284 0.05011655011655012 0.1337579617834395
1 0.3175990675990676 0.46576433121019106 0.038461538461538464 0.02388535031847134
1 0.17773892773892774 0.5764331210191083 0.1386946386946387 0.08917197452229299
1 0.8531468531468531 0.4251592356687898 0.04195804195804196 0.028662420382165606
1 0.6870629370629371 0.27945859872611467 0.06643356643356643 0.06528662420382166
2 0.11072261072261072 0.7603503184713376 0.030303030303030304 0.07165605095541401
1 0.2907925407925408 0.07961783439490445 0.13403263403263405 0.09554140127388536
2 0.4761072261072261 0.8351910828025477 0.03146853146853147 0.08439490445859872
1 0.27564102564102566 0.25238853503184716 0.08741258741258741 0.07484076433121019
