1 0.2698135198135198 0.5214968152866242 0.09673659673659674 0.08121019108280254
1 0.9283216783216783 0.6902866242038217 0.08275058275058275 0.07484076433121019
1 0.8525641025641025 0.8765923566878981 0.05710955710955711 0.0589171974522293
1 0.022144522144522144 0.3001592356687898 0.04428904428904429 0.12898089171974522
1 0.36596736596736595 0.4681528662420382 0.027972027972027972 0.08598726114649681
2 0.8164335664335665 0.7189490445859873 0.06643356643356643 0.03980891719745223
1 0.7412587412587412 0.18630573248407642 0.04195804195804196 0.12101910828025478
0 0.20454545454545456 0.303343949044586 0.054778554778554776 0.04936305732484077
2 0.8601398601398601 0.23885350318471338 0.030303030303030304 0.07961783439490445
1 0.7931235431235432 0.5278662420382165 0.08974358974358974 0.05573248407643312
