2 0.11305361305361306 0.8272292993630573 0.06060606060606061 0.052547770700636945
0 0.10780885780885781 0.08678343949044585 0.05710955710955711 0.04617834394904458
0 0.8391608391608392 0.46576433121019106 0.030303030303030304 0.07165605095541401
0 0.3152680652680653 0.14251592356687898 0.03146853146853147 0.042993630573248405
0 0.2127039627039627 0.9498407643312102 0.06876456876456877 0.04617834394904458
1 0.36713286713286714 0.5692675159235668 0.03263403263403263 0.08439490445859872
2 0.4621212121212121 0.7722929936305732 0.038461538461538464 0.08280254777070063
1 0.1346153846153846 0.7109872611464968 0.06177156177156177 0.03980891719745223
0 0.17773892773892774 0.3590764331210191 0.03613053613053613 0.06528662420382166
1 0.15442890442890442 0.1449044585987261 0.029137529137529136 0.08598726114649681
