0 0.2331002331002331 0.25 0.030303030303030304 0.07006369426751592
0 0.3245920745920746 0.25238853503184716 0.038461538461538464 0.08439490445859872
2 0.5652680652680653 0.4578025477707006 0.030303030303030304 0.07165605095541401
2 0.6538461538461539 0.4912420382165605 0.02097902097902098 0.05573248407643312
1 0.7931235431235432 0.7476114649681529 0.05944055944055944 0.1321656050955414
1 0.666083916083916 0.09394904458598727 0.09207459207459208 0.08917197452229299
1 0.418997668997669 0.16560509554140126 0.09207459207459208 0.05732484076433121
0 0.527972027972028 0.2906050955414013 0.02564102564102564 0.06847133757961783
0 0.5163170163170163 0.7412420382165605 0.06993006993006994 0.06210191082802548
1 0.5244755244755245 0.18869426751592358 0.06293706293706294 0.03662420382165605
