1 0.3135198135198135 0.8495222929936306 0.0675990675990676 0.17993630573248406
1 0.9055944055944056 0.8057324840764332 0.04428904428904429 0.12420382165605096
1 0.2668997668997669 0.6839171974522293 0.027972027972027972 0.0589171974522293
0 0.4982517482517482 0.19347133757961785 0.09207459207459208 0.07802547770700637
2 0.5402097902097902 0.2874203821656051 0.022144522144522144 0.06528662420382166
1 0.11888111888111888 0.8869426751592356 0.06993006993006994 0.06369426751592357
1 0.19055944055944055 0.85828025477707 0.026806526806526808 0.07961783439490445
2 0.36421911421911424 0.3463375796178344 0.05944055944055944 0.042993630573248405
1 0.6701631701631702 0.47770700636942676 0.08624708624708624 0.06369426751592357
2 0.9714452214452215 0.3463375796178344 0.038461538461538464 0.09076433121019108
