1 0.14918414918414918 0.7547770700636943 0.07692307692307693 0.06687898089171974
1 0.7727272727272727 0.5493630573248408 0.06060606060606061 0.03821656050955414
0 0.960955710955711 0.31289808917197454 0.05710955710955711 0.0589171974522293
2 0.20046620046620048 0.14012738853503184 0.06060606060606061 0.1178343949044586
1 0.8851981351981352 0.14888535031847133 0.015151515151515152 0.02388535031847134
1 0.9446386946386947 0.6950636942675159 0.038461538461538464 0.02388535031847134
1 0.6072261072261073 0.6926751592356688 0.02097902097902098 0.06050955414012739
2 0.9691142191142191 0.17277070063694266 0.015151515151515152 0.042993630573248405
0 0.7377622377622378 0.7205414012738853 0.023310023310023312 0.06847133757961783
0 0.8741258741258742 0.6281847133757962 0.05827505827505827 0.07484076433121019
