1 0.36655011655011654 0.4769108280254777 0.13403263403263405 0.0875796178343949
1 0.11363636363636363 0.07245222929936306 0.0337995337995338 0.08121019108280254
1 0.6643356643356644 0.10907643312101911 0.04428904428904429 0.12579617834394904
2 0.2534965034965035 0.7635350318471338 0.06177156177156177 0.052547770700636945
0 0.17074592074592074 0.4864649681528662 0.054778554778554776 0.11305732484076433
0 0.6608391608391608 0.4307324840764331 0.06293706293706294 0.052547770700636945
1 0.44871794871794873 0.052547770700636945 0.05128205128205128 0.07961783439490445
0 0.49009324009324007 0.20461783439490447 0.08275058275058275 0.07484076433121019
1 0.5343822843822844 0.8335987261146497 0.05944055944055944 0.1321656050955414
1 0.40501165501165504 0.09076433121019108 0.03146853146853147 0.08280254777070063
