2 0.7668997668997669 0.285828025477707 0.030303030303030304 0.07165605095541401
1 0.26515151515151514 0.4888535031847134 0.09207459207459208 0.05732484076433121
1 0.24592074592074592 0.3885350318471338 0.06993006993006994 0.06369426751592357
1 0.9085081585081585 0.8105095541401274 0.045454545454545456 0.1305732484076433
2 0.19405594405594406 0.6934713375796179 0.0337995337995338 0.07802547770700637
0 0.34324009324009325 0.8901273885350318 0.05944055944055944 0.050955414012738856
1 0.4230769230769231 0.6210191082802548 0.03263403263403263 0.05732484076433121
0 0.5413752913752914 0.5644904458598726 0.017482517482517484 0.052547770700636945
1 0.9516317016317016 0.6385350318471338 0.029137529137529136 0.09235668789808917
1 0.6066433566433567 0.7579617834394905 0.04079254079254079 0.025477707006369428
