1 0.6357808857808858 0.42595541401273884 0.03146853146853147 0.09713375796178345
0 0.6905594405594405 0.27229299363057324 0.07575757575757576 0.054140127388535034
2 0.43997668997669 0.11703821656050956 0.05944055944055944 0.03980891719745223
2 0.5955710955710956 0.6234076433121019 0.037296037296037296 0.08439490445859872
1 0.291958041958042 0.6488853503184714 0.05944055944055944 0.1321656050955414
0 0.5308857808857809 0.8813694267515924 0.05710955710955711 0.04617834394904458
2 0.49242424242424243 0.696656050955414 0.08275058275058275 0.07484076433121019
2 0.43123543123543123 0.7476114649681529 0.027972027972027972 0.08439490445859872
1 0.42715617715617715 0.17038216560509553 0.038461538461538464 0.022292993630573247
1 0.3531468531468531 0.5302547770700637 0.03496503496503497 0.09872611464968153
