1 0.34557109557109555 0.9601910828025477 0.019813519813519812 0.05732484076433121
1 0.9242424242424242 0.7515923566878981 0.03496503496503497 0.022292993630573247
1 0.1888111888111888 0.9227707006369427 0.02097902097902098 0.0589171974522293
1 0.3484848484848485 0.8503184713375797 0.016317016317016316 0.054140127388535034
1 0.7826340326340326 0.42356687898089174 0.10372960372960373 0.11146496815286625
1 0.5134032634032634 0.6226114649681529 0.05944055944055944 0.03821656050955414
1 0.3776223776223776 0.15605095541401273 0.02097902097902098 0.06687898089171974
1 0.06876456876456877 0.6146496815286624 0.11888111888111888 0.10828025477707007
0 0.5553613053613053 0.821656050955414 0.0780885780885781 0.1305732484076433
1 0.7249417249417249 0.7221337579617835 0.08158508158508158 0.06210191082802548
