1 0.32925407925407923 0.4315286624203822 0.05944055944055944 0.1305732484076433
1 0.5448717948717948 0.39171974522292996 0.05944055944055944 0.1305732484076433
1 0.6124708624708625 0.26990445859872614 0.05944055944055944 0.1321656050955414
2 0.7231934731934732 0.2906050955414013 0.06177156177156177 0.052547770700636945
2 0.6946386946386947 0.14888535031847133 0.03496503496503497 0.09713375796178345
0 0.9358974358974359 0.11464968152866242 0.03263403263403263 0.06687898089171974
2 0.8601398601398601 0.3535031847133758 0.027972027972027972 0.08598726114649681
0 0.2727272727272727 0.6664012738853503 0.07692307692307693 0.04617834394904458
1 0.6538461538461539 0.8694267515923567 0.06526806526806526 0.1305732484076433
1 0.3968531468531469 0.392515923566879 0.045454545454545456 0.12261146496815287
