0 0.38461538461538464 0.6648089171974523 0.06060606060606061 0.04617834394904458
2 0.5308857808857809 0.3646496815286624 0.024475524475524476 0.07006369426751592
2 0.40384615384615385 0.7292993630573248 0.029137529137529136 0.08280254777070063
2 0.8199300699300699 0.6090764331210191 0.0944055944055944 0.06210191082802548
0 0.4324009324009324 0.42436305732484075 0.04428904428904429 0.09394904458598727
2 0.763986013986014 0.1823248407643312 0.03146853146853147 0.07802547770700637
1 0.10606060606060606 0.31130573248407645 0.08624708624708624 0.21178343949044587
2 0.5856643356643356 0.6568471337579618 0.06177156177156177 0.052547770700636945
2 0.7377622377622378 0.07722929936305732 0.030303030303030304 0.07165605095541401
0 0.44871794871794873 0.03901273885350318 0.05827505827505827 0.04617834394904458
