1 0.4761072261072261 0.927547770700637 0.05244755244755245 0.0875796178343949
0 0.33624708624708627 0.4315286624203822 0.03613053613053613 0.04777070063694268
0 0.055944055944055944 0.49044585987261147 0.053613053613053616 0.04777070063694268
1 0.27972027972027974 0.6472929936305732 0.023310023310023312 0.06847133757961783
1 0.49533799533799533 0.7014331210191083 0.09557109557109557 0.08121019108280254
1 0.22261072261072262 0.5310509554140127 0.13986013986013987 0.09394904458598727
1 0.8991841491841492 0.40764331210191085 0.13636363636363635 0.08917197452229299
1 0.9574592074592074 0.9020700636942676 0.029137529137529136 0.08439490445859872
2 0.8863636363636364 0.8654458598726115 0.0337995337995338 0.07802547770700637
0 0.5821678321678322 0.6138535031847133 0.04312354312354312 0.12261146496815287
