1 0.32634032634032634 0.5310509554140127 0.08158508158508158 0.06210191082802548
1 0.34382284382284384 0.677547770700637 0.027972027972027972 0.08439490445859872
1 0.042540792540792544 0.24920382165605096 0.05944055944055944 0.1321656050955414
1 0.7307692307692307 0.28264331210191085 0.037296037296037296 0.06847133757961783
1 0.48776223776223776 0.5207006369426752 0.05944055944055944 0.1305732484076433
1 0.8851981351981352 0.875 0.05944055944055944 0.1321656050955414
1 0.8275058275058275 0.11544585987261147 0.09557109557109557 0.06210191082802548
1 0.6893939393939394 0.9506369426751592 0.0641025641025641 0.06050955414012739
0 0.4796037296037296 0.7404458598726115 0.038461538461538464 0.08598726114649681
2 0.7033799533799534 0.09952229299363058 0.047785547785547784 0.03662420382165605
