1 0.46678321678321677 0.214171974522293 0.08275058275058275 0.07484076433121019
2 0.7406759906759907 0.8781847133757962 0.05011655011655012 0.03343949044585987
2 0.9277389277389277 0.46894904458598724 0.053613053613053616 0.03662420382165605
1 0.4796037296037296 0.4394904458598726 0.1386946386946387 0.09235668789808917
1 0.32342657342657344 0.8447452229299363 0.05944055944055944 0.1321656050955414
2 0.7156177156177156 0.18630573248407642 0.02564102564102564 0.07006369426751592
2 0.018648018648018648 0.7205414012738853 0.02564102564102564 0.08439490445859872
2 0.7144522144522144 0.37977707006369427 0.030303030303030304 0.07165605095541401
2 0.03671328671328671 0.8535031847133758 0.029137529137529136 0.07961783439490445
0 0.12179487179487179 0.8375796178343949 0.11538461538461539 0.09235668789808917
