2 0.42424242424242425 0.2906050955414013 0.027972027972027972 0.06847133757961783
1 0.27214452214452217 0.2961783439490446 0.07109557109557109 0.05732484076433121
2 0.2703962703962704 0.7189490445859873 0.07925407925407925 0.04936305732484077
2 0.40675990675990675 0.5445859872611465 0.027972027972027972 0.08280254777070063
1 0.07051282051282051 0.2157643312101911 0.05944055944055944 0.03343949044585987
1 0.9726107226107226 0.24920382165605096 0.038461538461538464 0.02388535031847134
1 0.2896270396270396 0.8328025477707006 0.038461538461538464 0.025477707006369428
0 0.23135198135198135 0.9036624203821656 0.054778554778554776 0.04936305732484077
1 0.8484848484848485 0.9307324840764332 0.06060606060606061 0.03980891719745223
1 0.6765734265734266 0.8280254777070064 0.06643356643356643 0.04777070063694268
