1 0.6870629370629371 0.9076433121019108 0.05710955710955711 0.1178343949044586
1 0.21561771561771562 0.1449044585987261 0.016317016317016316 0.050955414012738856
1 0.1998834498834499 0.5764331210191083 0.05944055944055944 0.1305732484076433
0 0.9615384615384616 0.8009554140127388 0.03496503496503497 0.0732484076433121
1 0.46678321678321677 0.16719745222929935 0.05944055944055944 0.1305732484076433
0 0.0472027972027972 0.2762738853503185 0.03146853146853147 0.08121019108280254
1 0.10314685314685315 0.25955414012738853 0.07342657342657342 0.05732484076433121
1 0.9213286713286714 0.5931528662420382 0.08275058275058275 0.07484076433121019
2 0.5611888111888111 0.35987261146496813 0.038461538461538464 0.025477707006369428
1 0.8414918414918415 0.3176751592356688 0.08624708624708624 0.21178343949044587
