1 0.6952214452214452 0.7619426751592356 0.05944055944055944 0.1321656050955414
1 0.17365967365967366 0.1178343949044586 0.08391608391608392 0.18789808917197454
2 0.6940559440559441 0.07006369426751592 0.029137529137529136 0.08280254777070063
1 0.8537296037296037 0.6536624203821656 0.05710955710955711 0.0589171974522293
0 0.31993006993006995 0.214171974522293 0.04079254079254079 0.09394904458598727
2 0.05303030303030303 0.6297770700636943 0.0337995337995338 0.09394904458598727
0 0.715034965034965 0.5270700636942676 0.03613053613053613 0.04777070063694268
2 0.5 0.8670382165605095 0.10023310023310024 0.06847133757961783
1 0.6707459207459208 0.2961783439490446 0.05944055944055944 0.1305732484076433
1 0.8304195804195804 0.06289808917197452 0.06177156177156177 0.03980891719745223
