1 0.9493006993006993 0.696656050955414 0.029137529137529136 0.08439490445859872
2 0.7196969696969697 0.12022292993630573 0.038461538461538464 0.07484076433121019
2 0.6754079254079254 0.35509554140127386 0.038461538461538464 0.08280254777070063
2 0.10023310023310024 0.2611464968152866 0.06060606060606061 0.054140127388535034
1 0.3817016317016317 0.8702229299363057 0.0944055944055944 0.18630573248407642
2 0.4825174825174825 0.5199044585987261 0.027972027972027972 0.06847133757961783
1 0.921911421911422 0.303343949044586 0.06060606060606061 0.03980891719745223
1 0.04895104895104895 0.03264331210191083 0.013986013986013986 0.03662420382165605
2 0.027389277389277388 0.04777070063694268 0.029137529137529136 0.07961783439490445
1 0.058857808857808856 0.7770700636942676 0.05944055944055944 0.041401273885350316
