0 0.921911421911422 0.08837579617834394 0.06526806526806526 0.04617834394904458
1 0.23892773892773891 0.11624203821656051 0.03263403263403263 0.07006369426751592
1 0.4026806526806527 0.9211783439490446 0.054778554778554776 0.11305732484076433
1 0.5256410256410257 0.09235668789808917 0.05827505827505827 0.03503184713375796
2 0.06643356643356643 0.30254777070063693 0.05827505827505827 0.03821656050955414
2 0.3688811188811189 0.7890127388535032 0.029137529137529136 0.07802547770700637
1 0.45163170163170163 0.1624203821656051 0.0337995337995338 0.050955414012738856
0 0.40034965034965037 0.7197452229299363 0.0641025641025641 0.06050955414012739
2 0.35955710955710957 0.6313694267515924 0.03146853146853147 0.07484076433121019
2 0.8892773892773893 0.6281847133757962 0.027972027972027972 0.06847133757961783
