1 0.8403263403263403 0.3328025477707006 0.08857808857808858 0.050955414012738856
1 0.2191142191142191 0.3638535031847134 0.037296037296037296 0.08121019108280254
1 0.4976689976689977 0.42436305732484075 0.039627039627039624 0.02388535031847134
0 0.784965034965035 0.4601910828025478 0.10839160839160839 0.11146496815286625
2 0.6847319347319347 0.25 0.07575757575757576 0.0732484076433121
1 0.4388111888111888 0.5437898089171974 0.06876456876456877 0.0589171974522293
1 0.16433566433566432 0.5565286624203821 0.08158508158508158 0.06210191082802548
1 0.3758741258741259 0.42754777070063693 0.05944055944055944 0.1321656050955414
1 0.7709790209790209 0.2921974522292994 0.038461538461538464 0.030254777070063694
2 0.62004662004662 0.8837579617834395 0.06293706293706294 0.050955414012738856
