1 0.2925407925407925 0.09156050955414012 0.039627039627039624 0.02388535031847134
0 0.25582750582750585 0.3248407643312102 0.0337995337995338 0.07643312101910828
1 0.5413752913752914 0.0589171974522293 0.09673659673659674 0.06050955414012739
0 0.1789044289044289 0.2874203821656051 0.038461538461538464 0.06847133757961783
2 0.87995337995338 0.9737261146496815 0.05827505827505827 0.042993630573248405
0 0.17657342657342656 0.8837579617834395 0.038461538461538464 0.03184713375796178
1 0.627039627039627 0.8606687898089171 0.08158508158508158 0.06210191082802548
1 0.16200466200466201 0.3885350318471338 0.03496503496503497 0.09235668789808917
1 0.1386946386946387 0.11703821656050956 0.09557109557109557 0.08121019108280254
1 0.34207459207459207 0.5023885350318471 0.024475524475524476 0.06847133757961783
