2 0.22843822843822845 0.14171974522292993 0.03263403263403263 0.10191082802547771
2 0.09498834498834499 0.3630573248407643 0.05011655011655012 0.03184713375796178
0 0.46445221445221446 0.42277070063694266 0.024475524475524476 0.06847133757961783
2 0.26048951048951047 0.7507961783439491 0.038461538461538464 0.08439490445859872
1 0.3106060606060606 0.3519108280254777 0.045454545454545456 0.10828025477707007
0 0.8694638694638694 0.4036624203821656 0.053613053613053616 0.07802547770700637
1 0.2261072261072261 0.3288216560509554 0.08158508158508158 0.06210191082802548
1 0.5005827505827506 0.5804140127388535 0.05944055944055944 0.1321656050955414
1 0.5576923076923077 0.6114649681528662 0.054778554778554776 0.12101910828025478
0 0.47027972027972026 0.06528662420382166 0.04312354312354312 0.07961783439490445
