1 0.47086247086247085 0.35270700636942676 0.030303030303030304 0.09076433121019108
0 0.36946386946386944 0.3630573248407643 0.03263403263403263 0.07006369426751592
1 0.662004662004662 0.3853503184713376 0.09324009324009325 0.06050955414012739
2 0.03205128205128205 0.9530254777070064 0.05944055944055944 0.052547770700636945
0 0.46736596736596736 0.7436305732484076 0.037296037296037296 0.07643312101910828
1 0.15675990675990675 0.6011146496815286 0.07575757575757576 0.04617834394904458
1 0.6381118881118881 0.3144904458598726 0.03146853146853147 0.08121019108280254
1 0.07634032634032634 0.8519108280254777 0.038461538461538464 0.025477707006369428
1 0.3041958041958042 0.046974522292993634 0.037296037296037296 0.07484076433121019
0 0.7668997668997669 0.7213375796178344 0.030303030303030304 0.07006369426751592
