0 0.18065268065268064 0.3638535031847134 0.05128205128205128 0.04617834394904458
2 0.7138694638694638 0.08917197452229299 0.038461538461538464 0.08598726114649681
2 0.1893939393939394 0.10668789808917198 0.0337995337995338 0.07643312101910828
0 0.32575757575757575 0.8160828025477707 0.04079254079254079 0.0875796178343949
1 0.10372960372960373 0.09235668789808917 0.03263403263403263 0.08598726114649681
1 0.9271561771561772 0.9307324840764332 0.0641025641025641 0.042993630573248405
1 0.3793706293706294 0.8335987261146497 0.045454545454545456 0.09076433121019108
1 0.398018648018648 0.6632165605095541 0.024475524475524476 0.0589171974522293
1 0.8916083916083916 0.8853503184713376 0.055944055944055944 0.03184713375796178
1 0.43123543123543123 0.7579617834394905 0.03496503496503497 0.09872611464968153
