1 0.6958041958041958 0.5342356687898089 0.04195804195804196 0.12579617834394904
1 0.5582750582750583 0.23328025477707007 0.039627039627039624 0.02388535031847134
1 0.38286713286713286 0.8535031847133758 0.03613053613053613 0.04777070063694268
2 0.6928904428904429 0.3614649681528662 0.024475524475524476 0.07006369426751592
1 0.8205128205128205 0.8829617834394905 0.027972027972027972 0.07802547770700637
0 0.9289044289044289 0.3535031847133758 0.08158508158508158 0.08917197452229299
1 0.23834498834498835 0.731687898089172 0.08041958041958042 0.06210191082802548
2 0.7663170163170163 0.08678343949044585 0.038461538461538464 0.08439490445859872
2 0.44696969696969696 0.5820063694267515 0.06177156177156177 0.052547770700636945
1 0.23193473193473194 0.34076433121019106 0.14219114219114218 0.11464968152866242
