2 0.7121212121212122 0.6218152866242038 0.06060606060606061 0.03980891719745223
2 0.48892773892773894 0.43630573248407645 0.0337995337995338 0.08598726114649681
2 0.9772727272727273 0.44187898089171973 0.0337995337995338 0.07165605095541401
2 0.07051282051282051 0.5031847133757962 0.029137529137529136 0.08280254777070063
1 0.6247086247086248 0.9068471337579618 0.09557109557109557 0.06210191082802548
0 0.026806526806526808 0.3893312101910828 0.03263403263403263 0.07802547770700637
1 0.26282051282051283 0.4410828025477707 0.029137529137529136 0.08280254777070063
2 0.40734265734265734 0.45143312101910826 0.0337995337995338 0.07802547770700637
1 0.5425407925407926 0.8128980891719745 0.03146853146853147 0.07165605095541401
0 0.8076923076923077 0.06528662420382166 0.030303030303030304 0.07006369426751592
