1 0.20862470862470864 0.07165605095541401 0.027972027972027972 0.08598726114649681
1 0.12062937062937062 0.15684713375796178 0.05944055944055944 0.08121019108280254
1 0.48484848484848486 0.6616242038216561 0.11421911421911422 0.06847133757961783
1 0.1555944055944056 0.7595541401273885 0.05944055944055944 0.1305732484076433
0 0.803030303030303 0.34156050955414013 0.046620046620046623 0.1035031847133758
1 0.8210955710955711 0.7770700636942676 0.09207459207459208 0.05732484076433121
1 0.1789044289044289 0.2619426751592357 0.08275058275058275 0.06210191082802548
1 0.5705128205128205 0.7834394904458599 0.08741258741258741 0.06369426751592357
1 0.7942890442890443 0.059713375796178345 0.08275058275058275 0.07484076433121019
2 0.479020979020979 0.03503184713375796 0.05128205128205128 0.041401273885350316
