1 0.6357808857808858 0.7691082802547771 0.05011655011655012 0.04777070063694268
0 0.4865967365967366 0.44187898089171973 0.09906759906759907 0.07802547770700637
0 0.38752913752913754 0.9132165605095541 0.0944055944055944 0.09076433121019108
1 0.08041958041958042 0.9211783439490446 0.08391608391608392 0.07802547770700637
1 0.027972027972027972 0.4124203821656051 0.023310023310023312 0.022292993630573247
1 0.884032634032634 0.8726114649681529 0.054778554778554776 0.03821656050955414
1 0.6276223776223776 0.2157643312101911 0.0641025641025641 0.0589171974522293
1 0.30536130536130535 0.7563694267515924 0.046620046620046623 0.1337579617834395
2 0.44755244755244755 0.29936305732484075 0.023310023310023312 0.0732484076433121
1 0.34382284382284384 0.11624203821656051 0.03263403263403263 0.07006369426751592
