1 0.8869463869463869 0.6186305732484076 0.06060606060606061 0.03980891719745223
1 0.8869463869463869 0.2229299363057325 0.02564102564102564 0.06687898089171974
0 0.6416083916083916 0.5764331210191083 0.038461538461538464 0.08598726114649681
1 0.317016317016317 0.5652866242038217 0.04195804195804196 0.13694267515923567
1 0.7465034965034965 0.7046178343949044 0.017482517482517484 0.052547770700636945
0 0.36305361305361306 0.1679936305732484 0.038461538461538464 0.08439490445859872
0 0.27855477855477856 0.10907643312101911 0.07226107226107226 0.14171974522292993
2 0.3344988344988345 0.7340764331210191 0.05827505827505827 0.044585987261146494
1 0.36305361305361306 0.9211783439490446 0.0641025641025641 0.04936305732484077
1 0.5203962703962703 0.7364649681528662 0.054778554778554776 0.11305732484076433
