1 0.2634032634032634 0.7269108280254777 0.04428904428904429 0.12579617834394904
0 0.539044289044289 0.1839171974522293 0.054778554778554776 0.09394904458598727
1 0.6509324009324009 0.28821656050955413 0.10139860139860139 0.10509554140127389
2 0.06993006993006994 0.6234076433121019 0.027972027972027972 0.06847133757961783
2 0.44871794871794873 0.6218152866242038 0.027972027972027972 0.06847133757961783
0 0.38578088578088576 0.4880573248407643 0.06060606060606061 0.04936305732484077
1 0.6573426573426573 0.12898089171974522 0.037296037296037296 0.022292993630573247
1 0.7255244755244755 0.4442675159235669 0.06876456876456877 0.054140127388535034
2 0.4586247086247086 0.7189490445859873 0.038461538461538464 0.08439490445859872
1 0.26223776223776224 0.09713375796178345 0.09324009324009325 0.05732484076433121
