2 0.1451048951048951 0.8304140127388535 0.08275058275058275 0.07802547770700637
0 0.8484848484848485 0.9227707006369427 0.030303030303030304 0.07165605095541401
1 0.6381118881118881 0.5214968152866242 0.03613053613053613 0.07484076433121019
2 0.16783216783216784 0.4498407643312102 0.023310023310023312 0.06528662420382166
1 0.6171328671328671 0.375 0.05944055944055944 0.1321656050955414
1 0.5635198135198135 0.17436305732484075 0.04079254079254079 0.12261146496815287
0 0.5046620046620046 0.4156050955414013 0.04895104895104895 0.044585987261146494
1 0.40501165501165504 0.2515923566878981 0.0641025641025641 0.044585987261146494
1 0.4807692307692308 0.0875796178343949 0.05944055944055944 0.1305732484076433
2 0.7115384615384616 0.572452229299363 0.03146853146853147 0.08439490445859872
