1 0.6724941724941725 0.9036624203821656 0.08158508158508158 0.06210191082802548
1 0.32284382284382285 0.6353503184713376 0.06293706293706294 0.041401273885350316
1 0.7057109557109557 0.02945859872611465 0.05944055944055944 0.03662420382165605
1 0.22727272727272727 0.5310509554140127 0.018648018648018648 0.052547770700636945
0 0.5693473193473193 0.5875796178343949 0.10139860139860139 0.08280254777070063
1 0.3822843822843823 0.5947452229299363 0.04195804195804196 0.030254777070063694
2 0.9597902097902098 0.4410828025477707 0.08041958041958042 0.050955414012738856
1 0.3968531468531469 0.41878980891719747 0.08041958041958042 0.06369426751592357
2 0.37995337995337997 0.8335987261146497 0.027972027972027972 0.06847133757961783
1 0.8747086247086248 0.1409235668789809 0.09906759906759907 0.09394904458598727
