1 0.34906759906759904 0.1767515923566879 0.08741258741258741 0.07006369426751592
1 0.3717948717948718 0.7571656050955414 0.08158508158508158 0.06210191082802548
1 0.5081585081585082 0.3192675159235669 0.04195804195804196 0.12579617834394904
0 0.12937062937062938 0.9323248407643312 0.0675990675990676 0.13535031847133758
2 0.07925407925407925 0.24920382165605096 0.02564102564102564 0.09076433121019108
2 0.9312354312354313 0.5979299363057324 0.030303030303030304 0.07165605095541401
1 0.6410256410256411 0.8853503184713376 0.055944055944055944 0.050955414012738856
0 0.2738927738927739 0.8407643312101911 0.023310023310023312 0.06687898089171974
0 0.03263403263403263 0.8622611464968153 0.023310023310023312 0.04936305732484077
1 0.7243589743589743 0.47770700636942676 0.05944055944055944 0.1305732484076433
