2 0.5087412587412588 0.4004777070063694 0.03613053613053613 0.09076433121019108
1 0.7902097902097902 0.8654458598726115 0.14685314685314685 0.09394904458598727
1 0.36247086247086246 0.7420382165605095 0.13752913752913754 0.09235668789808917
1 0.9440559440559441 0.43869426751592355 0.06293706293706294 0.042993630573248405
0 0.28438228438228436 0.3638535031847134 0.06293706293706294 0.052547770700636945
1 0.5034965034965035 0.11464968152866242 0.046620046620046623 0.028662420382165606
0 0.2668997668997669 0.44745222929936307 0.055944055944055944 0.050955414012738856
1 0.2266899766899767 0.8598726114649682 0.09906759906759907 0.06050955414012739
1 0.8735431235431236 0.714968152866242 0.03146853146853147 0.09235668789808917
1 0.9283216783216783 0.10191082802547771 0.017482517482517484 0.050955414012738856
