0 0.8857808857808858 0.1942675159235669 0.11188811188811189 0.11464968152866242
0 0.7785547785547785 0.44187898089171973 0.05128205128205128 0.04617834394904458
1 0.6573426573426573 0.2874203821656051 0.08624708624708624 0.0589171974522293
2 0.3688811188811189 0.8479299363057324 0.05244755244755245 0.13535031847133758
1 0.331002331002331 0.5843949044585988 0.08158508158508158 0.06050955414012739
2 0.34906759906759904 0.15843949044585987 0.05710955710955711 0.03662420382165605
2 0.49417249417249415 0.29378980891719747 0.046620046620046623 0.030254777070063694
2 0.5413752913752914 0.06767515923566879 0.04079254079254079 0.027070063694267517
2 0.7727272727272727 0.3503184713375796 0.039627039627039624 0.08280254777070063
2 0.6445221445221445 0.4578025477707006 0.030303030303030304 0.07165605095541401
