0 0.5506993006993007 0.5517515923566879 0.038461538461538464 0.08439490445859872
1 0.666083916083916 0.76671974522293 0.04312354312354312 0.0875796178343949
2 0.5658508158508159 0.9681528662420382 0.07342657342657342 0.044585987261146494
1 0.11421911421911422 0.6265923566878981 0.08158508158508158 0.06210191082802548
1 0.6946386946386947 0.23487261146496816 0.05827505827505827 0.11305732484076433
1 0.9085081585081585 0.2300955414012739 0.017482517482517484 0.04936305732484077
1 0.4935897435897436 0.820859872611465 0.05944055944055944 0.1321656050955414
1 0.19755244755244755 0.4148089171974522 0.05710955710955711 0.12261146496815287
1 0.3822843822843823 0.8996815286624203 0.05827505827505827 0.03503184713375796
0 0.0780885780885781 0.9116242038216561 0.0675990675990676 0.052547770700636945
