2 0.7855477855477856 0.2802547770700637 0.027972027972027972 0.08280254777070063
0 0.3321678321678322 0.13694267515923567 0.07925407925407925 0.15286624203821655
2 0.41083916083916083 0.7308917197452229 0.04079254079254079 0.025477707006369428
1 0.07983682983682984 0.16321656050955413 0.05244755244755245 0.13535031847133758
2 0.9248251748251748 0.3877388535031847 0.06177156177156177 0.052547770700636945
1 0.7954545454545454 0.46576433121019106 0.08741258741258741 0.19585987261146498
1 0.2505827505827506 0.7722929936305732 0.023310023310023312 0.050955414012738856
1 0.1649184149184149 0.4156050955414013 0.08275058275058275 0.06050955414012739
1 0.1858974358974359 0.285828025477707 0.029137529137529136 0.08439490445859872
0 0.31002331002331 0.7022292993630573 0.046620046620046623 0.09235668789808917
