0 0.41083916083916083 0.9689490445859873 0.05944055944055944 0.042993630573248405
1 0.20279720279720279 0.23168789808917198 0.027972027972027972 0.08121019108280254
1 0.2529137529137529 0.8049363057324841 0.08158508158508158 0.06210191082802548
1 0.18123543123543123 0.7539808917197452 0.054778554778554776 0.11305732484076433
1 0.07226107226107226 0.7659235668789809 0.04195804195804196 0.05732484076433121
1 0.3747086247086247 0.08678343949044585 0.04079254079254079 0.0875796178343949
2 0.696969696969697 0.7770700636942676 0.02564102564102564 0.08280254777070063
1 0.9743589743589743 0.5007961783439491 0.04895104895104895 0.12579617834394904
2 0.8508158508158508 0.482484076433121 0.04428904428904429 0.10828025477707007
1 0.8986013986013986 0.12101910828025478 0.030303030303030304 0.06050955414012739
