0 0.9778554778554779 0.875 0.04428904428904429 0.03980891719745223
0 0.7564102564102564 0.1520700636942675 0.027972027972027972 0.0589171974522293
1 0.05536130536130536 0.8089171974522293 0.038461538461538464 0.07643312101910828
1 0.1794871794871795 0.9259554140127388 0.027972027972027972 0.06210191082802548
1 0.4970862470862471 0.6528662420382165 0.03146853146853147 0.08280254777070063
0 0.24825174825174826 0.8264331210191083 0.055944055944055944 0.054140127388535034
1 0.622960372960373 0.20222929936305734 0.0641025641025641 0.06369426751592357
0 0.2301864801864802 0.9211783439490446 0.05710955710955711 0.04617834394904458
1 0.5238927738927739 0.38455414012738853 0.054778554778554776 0.11305732484076433
1 0.32517482517482516 0.8941082802547771 0.07692307692307693 0.052547770700636945
