2 0.9557109557109557 0.6552547770700637 0.037296037296037296 0.09394904458598727
1 0.9283216783216783 0.4872611464968153 0.038461538461538464 0.025477707006369428
1 0.62995337995338 0.2515923566878981 0.08741258741258741 0.06369426751592357
0 0.4376456876456876 0.2659235668789809 0.06876456876456877 0.08280254777070063
1 0.5396270396270396 0.589968152866242 0.039627039627039624 0.02388535031847134
2 0.8554778554778555 0.5286624203821656 0.07692307692307693 0.050955414012738856
1 0.8210955710955711 0.893312101910828 0.05944055944055944 0.1305732484076433
1 0.07459207459207459 0.8646496815286624 0.03263403263403263 0.08280254777070063
1 0.29836829836829837 0.7492038216560509 0.039627039627039624 0.02388535031847134
1 0.5734265734265734 0.43789808917197454 0.030303030303030304 0.07006369426751592
