1 0.16783216783216784 0.339171974522293 0.016317016317016316 0.050955414012738856
2 0.7074592074592074 0.3678343949044586 0.02564102564102564 0.07006369426751592
1 0.30594405594405594 0.27070063694267515 0.05944055944055944 0.1305732484076433
0 0.6252913752913752 0.3853503184713376 0.06643356643356643 0.054140127388535034
1 0.087995337995338 0.535828025477707 0.13403263403263405 0.09394904458598727
2 0.6054778554778555 0.25796178343949044 0.06876456876456877 0.04777070063694268
1 0.7033799533799534 0.09474522292993631 0.05944055944055944 0.1321656050955414
1 0.7861305361305362 0.8606687898089171 0.05944055944055944 0.1321656050955414
0 0.43065268065268064 0.660031847133758 0.0641025641025641 0.12579617834394904
0 0.26107226107226106 0.5302547770700637 0.05128205128205128 0.07961783439490445
