2 0.9003496503496503 0.8240445859872612 0.03146853146853147 0.06210191082802548
2 0.8543123543123543 0.6552547770700637 0.030303030303030304 0.07165605095541401
1 0.9096736596736597 0.6242038216560509 0.04312354312354312 0.06050955414012739
0 0.30361305361305363 0.4124203821656051 0.0337995337995338 0.07643312101910828
1 0.9615384615384616 0.7507961783439491 0.046620046620046623 0.11305732484076433
1 0.5623543123543123 0.6886942675159236 0.13636363636363635 0.09394904458598727
1 0.2529137529137529 0.8272292993630573 0.046620046620046623 0.09394904458598727
1 0.2878787878787879 0.31289808917197454 0.027972027972027972 0.07802547770700637
1 0.17074592074592074 0.22054140127388536 0.03146853146853147 0.042993630573248405
1 0.42599067599067597 0.07006369426751592 0.0944055944055944 0.05732484076433121
