1 0.9207459207459208 0.7691082802547771 0.03263403263403263 0.08280254777070063
1 0.7534965034965035 0.6767515923566879 0.019813519813519812 0.05732484076433121
1 0.7832167832167832 0.02945859872611465 0.018648018648018648 0.04936305732484077
0 0.32051282051282054 0.4028662420382166 0.07459207459207459 0.1305732484076433
0 0.40326340326340326 0.7619426751592356 0.030303030303030304 0.07165605095541401
1 0.7791375291375291 0.44904458598726116 0.08974358974358974 0.054140127388535034
1 0.9248251748251748 0.39410828025477707 0.06643356643356643 0.06847133757961783
0 0.9673659673659674 0.8885350318471338 0.046620046620046623 0.10509554140127389
1 0.6427738927738927 0.6871019108280255 0.08508158508158509 0.20222929936305734
2 0.3275058275058275 0.14171974522292993 0.05128205128205128 0.041401273885350316
