0 0.6573426573426573 0.98328025477707 0.039627039627039624 0.027070063694267517
0 0.7750582750582751 0.785828025477707 0.06293706293706294 0.052547770700636945
2 0.7488344988344988 0.18789808917197454 0.03146853146853147 0.07643312101910828
1 0.5763403263403264 0.42754777070063693 0.05944055944055944 0.1321656050955414
0 0.23193473193473194 0.9522292993630573 0.06526806526806526 0.06050955414012739
1 0.2931235431235431 0.7898089171974523 0.05944055944055944 0.1305732484076433
2 0.46445221445221446 0.5923566878980892 0.038461538461538464 0.08598726114649681
1 0.06235431235431235 0.5660828025477707 0.024475524475524476 0.06847133757961783
1 0.587995337995338 0.2515923566878981 0.05944055944055944 0.1305732484076433
2 0.03263403263403263 0.7380573248407644 0.039627039627039624 0.10987261146496816
