1 0.09498834498834499 0.22213375796178345 0.0944055944055944 0.06210191082802548
1 0.9428904428904429 0.3320063694267516 0.04428904428904429 0.1321656050955414
0 0.4994172494172494 0.5207006369426752 0.04312354312354312 0.07961783439490445
1 0.8671328671328671 0.07643312101910828 0.039627039627039624 0.1305732484076433
1 0.030885780885780884 0.9187898089171974 0.05011655011655012 0.1337579617834395
2 0.7616550116550117 0.6273885350318471 0.038461538461538464 0.08280254777070063
0 0.3280885780885781 0.2961783439490446 0.03613053613053613 0.08598726114649681
1 0.25874125874125875 0.7738853503184714 0.04428904428904429 0.11464968152866242
2 0.3916083916083916 0.6926751592356688 0.05128205128205128 0.03184713375796178
1 0.6153846153846154 0.6305732484076433 0.08158508158508158 0.06050955414012739
