2 0.18473193473193472 0.07245222929936306 0.019813519813519812 0.0589171974522293
0 0.8187645687645687 0.39331210191082805 0.04079254079254079 0.07961783439490445
1 0.7867132867132867 0.016719745222929936 0.03496503496503497 0.02388535031847134
0 0.25932400932400934 0.4339171974522293 0.09906759906759907 0.09076433121019108
1 0.7057109557109557 0.12181528662420382 0.029137529137529136 0.08121019108280254
1 0.11013986013986014 0.6369426751592356 0.03146853146853147 0.08280254777070063
0 0.5973193473193473 0.3328025477707006 0.05244755244755245 0.041401273885350316
1 0.460955710955711 0.9116242038216561 0.05944055944055944 0.1321656050955414
1 0.8921911421911422 0.13455414012738853 0.08275058275058275 0.07484076433121019
1 0.493006993006993 0.6305732484076433 0.018648018648018648 0.054140127388535034
