0 0.5227272727272727 0.17436305732484075 0.054778554778554776 0.11305732484076433
2 0.4632867132867133 0.7563694267515924 0.038461538461538464 0.025477707006369428
2 0.29953379953379955 0.19028662420382167 0.030303030303030304 0.07165605095541401
1 0.925990675990676 0.08519108280254777 0.06876456876456877 0.04617834394904458
1 0.4976689976689977 0.51671974522293 0.027972027972027972 0.08121019108280254
1 0.8397435897435898 0.660828025477707 0.05944055944055944 0.1305732484076433
1 0.3321678321678322 0.8781847133757962 0.09557109557109557 0.08121019108280254
1 0.256993006993007 0.20382165605095542 0.017482517482517484 0.054140127388535034
1 0.7465034965034965 0.7197452229299363 0.017482517482517484 0.054140127388535034
2 0.627039627039627 0.4968152866242038 0.08158508158508158 0.054140127388535034
