1 0.42424242424242425 0.0660828025477707 0.09557109557109557 0.06210191082802548
2 0.04195804195804196 0.0963375796178344 0.030303030303030304 0.0875796178343949
1 0.06235431235431235 0.7380573248407644 0.09673659673659674 0.08121019108280254
1 0.7698135198135199 0.27388535031847133 0.03146853146853147 0.08280254777070063
1 0.36538461538461536 0.6345541401273885 0.054778554778554776 0.11305732484076433
0 0.5617715617715617 0.7070063694267515 0.09324009324009325 0.07961783439490445
0 0.06351981351981352 0.2531847133757962 0.07575757575757576 0.054140127388535034
0 0.6637529137529138 0.24681528662420382 0.04079254079254079 0.07961783439490445
1 0.634032634032634 0.5883757961783439 0.05827505827505827 0.052547770700636945
1 0.8071095571095571 0.11226114649681529 0.05944055944055944 0.1321656050955414
