1 0.38344988344988346 0.12579617834394904 0.037296037296037296 0.03184713375796178
1 0.2406759906759907 0.09872611464968153 0.05710955710955711 0.03821656050955414
2 0.4988344988344988 0.3503184713375796 0.055944055944055944 0.03184713375796178
0 0.7698135198135199 0.4753184713375796 0.05944055944055944 0.04617834394904458
1 0.3572261072261072 0.5660828025477707 0.08275058275058275 0.07484076433121019
1 0.3315850815850816 0.3176751592356688 0.13636363636363635 0.0875796178343949
1 0.10839160839160839 0.7460191082802548 0.08158508158508158 0.06210191082802548
2 0.9353146853146853 0.5103503184713376 0.022144522144522144 0.06528662420382166
1 0.49184149184149184 0.28662420382165604 0.09324009324009325 0.05732484076433121
2 0.2966200466200466 0.4785031847133758 0.06177156177156177 0.052547770700636945
