0 0.32517482517482516 0.2643312101910828 0.039627039627039624 0.08280254777070063
2 0.5559440559440559 0.4984076433121019 0.04428904428904429 0.10828025477707007
1 0.15734265734265734 0.028662420382165606 0.016317016317016316 0.050955414012738856
2 0.07400932400932402 0.3877388535031847 0.045454545454545456 0.042993630573248405
1 0.28496503496503495 0.1178343949044586 0.017482517482517484 0.050955414012738856
2 0.8304195804195804 0.037420382165605094 0.0337995337995338 0.07165605095541401
1 0.7226107226107226 0.3248407643312102 0.06293706293706294 0.041401273885350316
1 0.16025641025641027 0.5613057324840764 0.06876456876456877 0.0589171974522293
2 0.6148018648018648 0.6695859872611465 0.029137529137529136 0.07802547770700637
0 0.5064102564102564 0.6162420382165605 0.024475524475524476 0.06687898089171974
