1 0.581002331002331 0.5987261146496815 0.04312354312354312 0.06050955414012739
2 0.6101398601398601 0.3049363057324841 0.05944055944055944 0.03980891719745223
1 0.3414918414918415 0.3646496815286624 0.13752913752913754 0.11464968152866242
1 0.2057109557109557 0.214171974522293 0.04079254079254079 0.12261146496815287
0 0.44405594405594406 0.17436305732484075 0.06293706293706294 0.052547770700636945
2 0.9411421911421911 0.6353503184713376 0.05244755244755245 0.041401273885350316
2 0.6346153846153846 0.9625796178343949 0.054778554778554776 0.03980891719745223
1 0.29895104895104896 0.5748407643312102 0.03613053613053613 0.022292993630573247
2 0.3747086247086247 0.8081210191082803 0.0337995337995338 0.07802547770700637
2 0.2465034965034965 0.8972929936305732 0.08275058275058275 0.07484076433121019
