1 0.15675990675990675 0.7468152866242038 0.045454545454545456 0.1305732484076433
1 0.7383449883449883 0.6568471337579618 0.08508158508158509 0.07484076433121019
1 0.13636363636363635 0.6050955414012739 0.039627039627039624 0.08280254777070063
1 0.9213286713286714 0.482484076433121 0.017482517482517484 0.054140127388535034
1 0.8490675990675991 0.589968152866242 0.09673659673659674 0.08121019108280254
1 0.08682983682983683 0.8001592356687898 0.08275058275058275 0.07484076433121019
1 0.5087412587412588 0.19506369426751594 0.038461538461538464 0.02388535031847134
2 0.21561771561771562 0.8343949044585988 0.05827505827505827 0.044585987261146494
1 0.5448717948717948 0.8359872611464968 0.026806526806526808 0.07961783439490445
1 0.4015151515151515 0.28343949044585987 0.13403263403263405 0.09235668789808917
