2 0.4988344988344988 0.10429936305732485 0.04895104895104895 0.030254777070063694
2 0.11421911421911422 0.8781847133757962 0.037296037296037296 0.08439490445859872
1 0.7290209790209791 0.9506369426751592 0.13403263403263405 0.09554140127388536
2 0.2395104895104895 0.07245222929936306 0.05244755244755245 0.03980891719745223
1 0.479020979020979 0.3200636942675159 0.023310023310023312 0.050955414012738856
2 0.12937062937062938 0.10429936305732485 0.06060606060606061 0.03662420382165605
2 0.3974358974358974 0.8980891719745223 0.06060606060606061 0.03821656050955414
1 0.458041958041958 0.5867834394904459 0.09557109557109557 0.06210191082802548
0 0.8409090909090909 0.679140127388535 0.054778554778554776 0.11305732484076433
2 0.17657342657342656 0.6942675159235668 0.06177156177156177 0.050955414012738856
