0 0.5425407925407926 0.9625796178343949 0.05944055944055944 0.042993630573248405
1 0.6194638694638694 0.12101910828025478 0.08741258741258741 0.07006369426751592
2 0.6899766899766899 0.5421974522292994 0.030303030303030304 0.0875796178343949
2 0.2057109557109557 0.3447452229299363 0.05944055944055944 0.04617834394904458
1 0.03787878787878788 0.49044585987261147 0.026806526806526808 0.07961783439490445
2 0.9632867132867133 0.7117834394904459 0.026806526806526808 0.08917197452229299
1 0.4230769230769231 0.9402866242038217 0.08158508158508158 0.06210191082802548
0 0.6381118881118881 0.42197452229299365 0.038461538461538464 0.08598726114649681
0 0.6491841491841492 0.3288216560509554 0.05827505827505827 0.04617834394904458
2 0.9283216783216783 0.3320063694267516 0.045454545454545456 0.042993630573248405
