1 0.912004662004662 0.8328025477707006 0.0641025641025641 0.06369426751592357
2 0.4627039627039627 0.5660828025477707 0.018648018648018648 0.052547770700636945
2 0.3513986013986014 0.8367834394904459 0.06177156177156177 0.052547770700636945
2 0.8578088578088578 0.6321656050955414 0.03263403263403263 0.10191082802547771
1 0.8234265734265734 0.21656050955414013 0.026806526806526808 0.07961783439490445
1 0.12703962703962704 0.6648089171974523 0.018648018648018648 0.052547770700636945
1 0.07051282051282051 0.7547770700636943 0.05944055944055944 0.03821656050955414
1 0.8327505827505828 0.8702229299363057 0.05944055944055944 0.1321656050955414
1 0.3356643356643357 0.6297770700636943 0.018648018648018648 0.05573248407643312
1 0.6602564102564102 0.49920382165605093 0.08275058275058275 0.07484076433121019
