0 0.9061771561771562 0.6799363057324841 0.03613053613053613 0.08598726114649681
1 0.09731934731934731 0.5135350318471338 0.054778554778554776 0.03662420382165605
2 0.5518648018648019 0.29777070063694266 0.08041958041958042 0.050955414012738856
2 0.21736596736596736 0.8901273885350318 0.0337995337995338 0.09235668789808917
1 0.6585081585081585 0.7085987261146497 0.13986013986013987 0.09554140127388536
1 0.12645687645687645 0.6568471337579618 0.05944055944055944 0.1321656050955414
1 0.3175990675990676 0.804140127388535 0.08974358974358974 0.054140127388535034
1 0.8234265734265734 0.2285031847133758 0.04079254079254079 0.02388535031847134
2 0.019813519813519812 0.6504777070063694 0.027972027972027972 0.06847133757961783
1 0.25757575757575757 0.39888535031847133 0.04428904428904429 0.11305732484076433
