2 0.5827505827505828 0.12261146496815287 0.05827505827505827 0.03821656050955414
1 0.9399766899766899 0.18869426751592358 0.05944055944055944 0.1321656050955414
0 0.6602564102564102 0.6743630573248408 0.05710955710955711 0.12579617834394904
1 0.17074592074592074 0.11146496815286625 0.07109557109557109 0.044585987261146494
1 0.3525641025641026 0.8670382165605095 0.03146853146853147 0.08121019108280254
1 0.7575757575757576 0.5493630573248408 0.03263403263403263 0.08598726114649681
1 0.8496503496503497 0.1409235668789809 0.037296037296037296 0.08121019108280254
1 0.8822843822843823 0.4570063694267516 0.08158508158508158 0.06050955414012739
1 0.9749417249417249 0.6027070063694268 0.045454545454545456 0.1321656050955414
1 0.6754079254079254 0.4355095541401274 0.029137529137529136 0.0875796178343949
