0 0.7552447552447552 0.5501592356687898 0.05128205128205128 0.04617834394904458
1 0.5996503496503497 0.6186305732484076 0.03146853146853147 0.09713375796178345
0 0.8152680652680653 0.42038216560509556 0.0337995337995338 0.07643312101910828
2 0.02972027972027972 0.7866242038216561 0.017482517482517484 0.050955414012738856
0 0.6899766899766899 0.05493630573248408 0.03496503496503497 0.06847133757961783
0 0.028554778554778556 0.6544585987261147 0.024475524475524476 0.050955414012738856
0 0.07109557109557109 0.34554140127388533 0.03496503496503497 0.07006369426751592
0 0.19172494172494173 0.9450636942675159 0.0641025641025641 0.0589171974522293
1 0.932983682983683 0.7125796178343949 0.0641025641025641 0.04936305732484077
1 0.10256410256410256 0.8121019108280255 0.08158508158508158 0.06050955414012739
