1 0.4201631701631702 0.8264331210191083 0.07575757575757576 0.050955414012738856
1 0.32575757575757575 0.8495222929936306 0.09207459207459208 0.06528662420382166
0 0.8636363636363636 0.5875796178343949 0.02564102564102564 0.050955414012738856
1 0.5186480186480187 0.3590764331210191 0.04428904428904429 0.11942675159235669
1 0.7674825174825175 0.04936305732484077 0.05710955710955711 0.03503184713375796
1 0.12995337995337997 0.4036624203821656 0.08275058275058275 0.07484076433121019
1 0.8269230769230769 0.6170382165605095 0.029137529137529136 0.08439490445859872
1 0.21794871794871795 0.8121019108280255 0.018648018648018648 0.050955414012738856
2 0.06643356643356643 0.9546178343949044 0.030303030303030304 0.07165605095541401
1 0.9347319347319347 0.4593949044585987 0.027972027972027972 0.07802547770700637
