1 0.20862470862470864 0.8073248407643312 0.016317016317016316 0.050955414012738856
1 0.48892773892773894 0.9530254777070064 0.0641025641025641 0.04936305732484077
2 0.951048951048951 0.678343949044586 0.02564102564102564 0.0732484076433121
1 0.10314685314685315 0.7882165605095541 0.017482517482517484 0.054140127388535034
1 0.43123543123543123 0.570859872611465 0.09557109557109557 0.06210191082802548
2 0.16083916083916083 0.33121019108280253 0.08158508158508158 0.054140127388535034
1 0.4224941724941725 0.4307324840764331 0.019813519813519812 0.06528662420382166
0 0.7663170163170163 0.5159235668789809 0.038461538461538464 0.08598726114649681
1 0.9790209790209791 0.6998407643312102 0.027972027972027972 0.08121019108280254
0 0.033216783216783216 0.8861464968152867 0.026806526806526808 0.0589171974522293
