1 0.7127039627039627 0.482484076433121 0.05944055944055944 0.1305732484076433
1 0.6923076923076923 0.6664012738853503 0.04195804195804196 0.09394904458598727
1 0.8135198135198135 0.11863057324840764 0.03263403263403263 0.0875796178343949
1 0.10664335664335664 0.4538216560509554 0.04079254079254079 0.07961783439490445
0 0.30652680652680653 0.607484076433121 0.03263403263403263 0.07802547770700637
1 0.9370629370629371 0.8415605095541401 0.046620046620046623 0.10987261146496816
1 0.27505827505827507 0.42754777070063693 0.027972027972027972 0.08439490445859872
1 0.9726107226107226 0.625 0.04312354312354312 0.05573248407643312
1 0.42482517482517484 0.32643312101910826 0.05710955710955711 0.03503184713375796
1 0.08566433566433566 0.22929936305732485 0.05011655011655012 0.1305732484076433
