1 0.8199300699300699 0.5445859872611465 0.047785547785547784 0.11146496815286625
1 0.11305361305361306 0.37977707006369427 0.08391608391608392 0.07484076433121019
1 0.5705128205128205 0.8765923566878981 0.09207459207459208 0.06528662420382166
1 0.09032634032634032 0.046974522292993634 0.03146853146853147 0.06210191082802548
1 0.6789044289044289 0.5867834394904459 0.05944055944055944 0.1321656050955414
1 0.6497668997668997 0.17595541401273884 0.038461538461538464 0.02388535031847134
0 0.5565268065268065 0.7866242038216561 0.029137529137529136 0.04777070063694268
1 0.45046620046620045 0.07802547770700637 0.03146853146853147 0.09235668789808917
1 0.32575757575757575 0.7890127388535032 0.017482517482517484 0.04936305732484077
1 0.6311188811188811 0.679140127388535 0.05944055944055944 0.03662420382165605
