0 0.12237762237762238 0.5135350318471338 0.04428904428904429 0.10987261146496816
1 0.460955710955711 0.8479299363057324 0.017482517482517484 0.05573248407643312
1 0.3956876456876457 0.8160828025477707 0.05944055944055944 0.1321656050955414
2 0.9178321678321678 0.44028662420382164 0.06177156177156177 0.052547770700636945
1 0.831002331002331 0.7253184713375797 0.030303030303030304 0.07484076433121019
1 0.12878787878787878 0.6202229299363057 0.017482517482517484 0.052547770700636945
1 0.8735431235431236 0.12181528662420382 0.054778554778554776 0.11305732484076433
1 0.3764568764568765 0.7054140127388535 0.027972027972027972 0.07961783439490445
0 0.19405594405594406 0.9076433121019108 0.06876456876456877 0.08280254777070063
1 0.4388111888111888 0.5501592356687898 0.017482517482517484 0.052547770700636945
