1 0.4289044289044289 0.7523885350318471 0.023310023310023312 0.04936305732484077
2 0.9533799533799534 0.9394904458598726 0.03496503496503497 0.08280254777070063
1 0.8175990675990676 0.10828025477707007 0.08741258741258741 0.07006369426751592
2 0.5769230769230769 0.7428343949044586 0.08624708624708624 0.05573248407643312
1 0.44114219114219116 0.5326433121019108 0.09906759906759907 0.09394904458598727
1 0.9061771561771562 0.3980891719745223 0.05944055944055944 0.1305732484076433
1 0.17482517482517482 0.43710191082802546 0.027972027972027972 0.07802547770700637
1 0.10372960372960373 0.7786624203821656 0.06060606060606061 0.03503184713375796
1 0.17074592074592074 0.10907643312101911 0.09673659673659674 0.08121019108280254
1 0.28263403263403264 0.5007961783439491 0.08741258741258741 0.19585987261146498
