1 0.5238927738927739 0.19904458598726116 0.09207459207459208 0.05732484076433121
0 0.12645687645687645 0.08359872611464968 0.05011655011655012 0.03662420382165605
2 0.42482517482517484 0.7277070063694268 0.05944055944055944 0.044585987261146494
1 0.671911421911422 0.44028662420382164 0.017482517482517484 0.052547770700636945
0 0.0844988344988345 0.6305732484076433 0.038461538461538464 0.08598726114649681
0 0.5600233100233101 0.47770700636942676 0.10839160839160839 0.18789808917197454
1 0.7383449883449883 0.7531847133757962 0.029137529137529136 0.07961783439490445
2 0.26165501165501165 0.4984076433121019 0.05244755244755245 0.041401273885350316
1 0.3572261072261072 0.8240445859872612 0.017482517482517484 0.052547770700636945
2 0.7051282051282052 0.2515923566878981 0.02564102564102564 0.08280254777070063
