1 0.2733100233100233 0.49920382165605093 0.09207459207459208 0.06528662420382166
1 0.1182983682983683 0.7285031847133758 0.029137529137529136 0.08439490445859872
2 0.27972027972027974 0.6472929936305732 0.06060606060606061 0.03980891719745223
2 0.6736596736596736 0.6329617834394905 0.02564102564102564 0.08121019108280254
1 0.6672494172494172 0.7404458598726115 0.06177156177156177 0.03821656050955414
0 0.8187645687645687 0.046974522292993634 0.038461538461538464 0.08439490445859872
1 0.2196969696969697 0.1823248407643312 0.08275058275058275 0.07484076433121019
1 0.10314685314685315 0.14251592356687898 0.08974358974358974 0.0589171974522293
0 0.4621212121212121 0.9092356687898089 0.06643356643356643 0.04777070063694268
1 0.47785547785547783 0.464171974522293 0.05128205128205128 0.04617834394904458
