1 0.8927738927738927 0.7093949044585988 0.04428904428904429 0.12898089171974522
0 0.4766899766899767 0.5437898089171974 0.03496503496503497 0.027070063694267517
1 0.4627039627039627 0.8089171974522293 0.09324009324009325 0.05732484076433121
0 0.9487179487179487 0.5907643312101911 0.03496503496503497 0.07006369426751592
1 0.7476689976689976 0.42356687898089174 0.0944055944055944 0.05732484076433121
1 0.40093240093240096 0.4124203821656051 0.018648018648018648 0.054140127388535034
1 0.32226107226107226 0.8757961783439491 0.0780885780885781 0.1337579617834395
0 0.5337995337995338 0.4028662420382166 0.037296037296037296 0.08598726114649681
1 0.6381118881118881 0.2515923566878981 0.13636363636363635 0.1337579617834395
0 0.6783216783216783 0.6496815286624203 0.06526806526806526 0.06050955414012739
