2 0.9463869463869464 0.5915605095541401 0.039627039627039624 0.02388535031847134
2 0.8956876456876457 0.8972929936305732 0.06177156177156177 0.052547770700636945
2 0.828088578088578 0.8200636942675159 0.029137529137529136 0.0732484076433121
1 0.8012820512820513 0.6910828025477707 0.03146853146853147 0.09235668789808917
1 0.6590909090909091 0.5047770700636943 0.05944055944055944 0.1305732484076433
1 0.8782051282051282 0.446656050955414 0.045454545454545456 0.11305732484076433
2 0.27564102564102566 0.6687898089171974 0.038461538461538464 0.08280254777070063
2 0.6346153846153846 0.8980891719745223 0.054778554778554776 0.03821656050955414
1 0.18414918414918416 0.6377388535031847 0.03263403263403263 0.09076433121019108
0 0.12179487179487179 0.24920382165605096 0.09906759906759907 0.09394904458598727
