1 0.960955710955711 0.03264331210191083 0.04079254079254079 0.02388535031847134
0 0.8613053613053613 0.696656050955414 0.07226107226107226 0.14171974522292993
2 0.22785547785547786 0.8304140127388535 0.022144522144522144 0.06528662420382166
2 0.6631701631701632 0.31289808917197454 0.03263403263403263 0.08439490445859872
0 0.5145687645687645 0.22213375796178345 0.045454545454545456 0.10668789808917198
0 0.5384615384615384 0.06847133757961783 0.053613053613053616 0.04777070063694268
1 0.46911421911421913 0.553343949044586 0.045454545454545456 0.09076433121019108
0 0.22494172494172493 0.11703821656050956 0.06060606060606061 0.04617834394904458
1 0.7884615384615384 0.7563694267515924 0.05944055944055944 0.1305732484076433
2 0.44347319347319347 0.39570063694267515 0.054778554778554776 0.11305732484076433
