1 0.6153846153846154 0.20222929936305734 0.05827505827505827 0.03503184713375796
1 0.4114219114219114 0.8439490445859873 0.13752913752913754 0.09235668789808917
1 0.02505827505827506 0.13296178343949044 0.0337995337995338 0.10987261146496816
1 0.5017482517482518 0.32563694267515925 0.038461538461538464 0.07484076433121019
2 0.09673659673659674 0.8431528662420382 0.030303030303030304 0.07165605095541401
1 0.6433566433566433 0.9554140127388535 0.055944055944055944 0.03184713375796178
1 0.6590909090909091 0.6695859872611465 0.038461538461538464 0.02388535031847134
0 0.3578088578088578 0.32722929936305734 0.05128205128205128 0.0875796178343949
1 0.5512820512820513 0.7802547770700637 0.04195804195804196 0.11146496815286625
2 0.7395104895104895 0.45143312101910826 0.0944055944055944 0.06210191082802548
