1 0.4632867132867133 0.7587579617834395 0.14335664335664336 0.11942675159235669
1 0.587995337995338 0.13614649681528662 0.029137529137529136 0.0875796178343949
1 0.33974358974358976 0.26990445859872614 0.0641025641025641 0.0589171974522293
1 0.3315850815850816 0.6624203821656051 0.08974358974358974 0.054140127388535034
1 0.21678321678321677 0.05732484076433121 0.08158508158508158 0.06050955414012739
2 0.12354312354312354 0.4140127388535032 0.039627039627039624 0.025477707006369428
2 0.2529137529137529 0.4888535031847134 0.05827505827505827 0.041401273885350316
2 0.12412587412587413 0.9355095541401274 0.045454545454545456 0.042993630573248405
0 0.39335664335664333 0.4625796178343949 0.07575757575757576 0.04617834394904458
2 0.7733100233100233 0.6552547770700637 0.03146853146853147 0.020700636942675158
