0 0.5506993006993007 0.4355095541401274 0.06177156177156177 0.052547770700636945
2 0.44813519813519814 0.2627388535031847 0.05244755244755245 0.041401273885350316
0 0.6520979020979021 0.8081210191082803 0.054778554778554776 0.11305732484076433
2 0.13344988344988346 0.7093949044585988 0.038461538461538464 0.08439490445859872
2 0.7733100233100233 0.6687898089171974 0.054778554778554776 0.044585987261146494
2 0.9137529137529138 0.5700636942675159 0.06060606060606061 0.1178343949044586
0 0.4458041958041958 0.7428343949044586 0.04079254079254079 0.0875796178343949
1 0.45104895104895104 0.4482484076433121 0.018648018648018648 0.05573248407643312
1 0.2867132867132867 0.3622611464968153 0.027972027972027972 0.08439490445859872
1 0.8106060606060606 0.37101910828025475 0.05944055944055944 0.1305732484076433
