1 0.46911421911421913 0.28662420382165604 0.038461538461538464 0.022292993630573247
0 0.2266899766899767 0.3447452229299363 0.09673659673659674 0.07802547770700637
1 0.12296037296037296 0.9004777070063694 0.05944055944055944 0.1321656050955414
0 0.6252913752913752 0.08200636942675159 0.08508158508158509 0.0875796178343949
2 0.8362470862470862 0.5947452229299363 0.03146853146853147 0.06210191082802548
0 0.7371794871794872 0.5342356687898089 0.038461538461538464 0.08439490445859872
1 0.033216783216783216 0.46178343949044587 0.03146853146853147 0.09235668789808917
0 0.16724941724941725 0.7109872611464968 0.054778554778554776 0.11305732484076433
0 0.8129370629370629 0.38136942675159236 0.08275058275058275 0.07484076433121019
2 0.331002331002331 0.7659235668789809 0.03263403263403263 0.09554140127388536
