1 0.8817016317016317 0.29856687898089174 0.05944055944055944 0.1321656050955414
1 0.4405594405594406 0.2197452229299363 0.08624708624708624 0.06369426751592357
2 0.1048951048951049 0.1321656050955414 0.06293706293706294 0.054140127388535034
1 0.6998834498834499 0.5549363057324841 0.08275058275058275 0.07484076433121019
1 0.6678321678321678 0.4020700636942675 0.08158508158508158 0.06210191082802548
1 0.23484848484848486 0.6632165605095541 0.07109557109557109 0.06528662420382166
1 0.9236596736596736 0.45302547770700635 0.05944055944055944 0.1321656050955414
1 0.9475524475524476 0.6751592356687898 0.037296037296037296 0.022292993630573247
1 0.03496503496503497 0.8694267515923567 0.016317016317016316 0.044585987261146494
2 0.9143356643356644 0.6050955414012739 0.038461538461538464 0.08280254777070063
