1 0.5005827505827506 0.8654458598726115 0.09906759906759907 0.08121019108280254
1 0.22086247086247085 0.6624203821656051 0.05944055944055944 0.1305732484076433
1 0.8653846153846154 0.5047770700636943 0.038461538461538464 0.07643312101910828
0 0.8304195804195804 0.679140127388535 0.03613053613053613 0.07165605095541401
1 0.9632867132867133 0.8893312101910829 0.04079254079254079 0.02388535031847134
1 0.2902097902097902 0.42436305732484075 0.09557109557109557 0.06210191082802548
1 0.48426573426573427 0.03980891719745223 0.05944055944055944 0.03503184713375796
0 0.2668997668997669 0.8734076433121019 0.07692307692307693 0.04617834394904458
0 0.039627039627039624 0.8304140127388535 0.06293706293706294 0.04936305732484077
1 0.789044289044289 0.5199044585987261 0.10955710955710955 0.0875796178343949
