1 0.2534965034965035 0.7651273885350318 0.024475524475524476 0.0589171974522293
1 0.8706293706293706 0.4864649681528662 0.09090909090909091 0.18312101910828024
1 0.9562937062937062 0.8734076433121019 0.019813519813519812 0.05573248407643312
1 0.05710955710955711 0.7802547770700637 0.09090909090909091 0.05732484076433121
0 0.291958041958042 0.5843949044585988 0.08275058275058275 0.17834394904458598
2 0.6072261072261073 0.2197452229299363 0.07925407925407925 0.050955414012738856
0 0.2948717948717949 0.8128980891719745 0.053613053613053616 0.04617834394904458
1 0.3991841491841492 0.6138535031847133 0.03613053613053613 0.06528662420382166
1 0.675990675990676 0.35589171974522293 0.030303030303030304 0.09076433121019108
0 0.168997668997669 0.15047770700636942 0.07692307692307693 0.06210191082802548
