1 0.4627039627039627 0.8009554140127388 0.04195804195804196 0.1178343949044586
2 0.1486013986013986 0.4896496815286624 0.06177156177156177 0.052547770700636945
1 0.7803030303030303 0.9426751592356688 0.06876456876456877 0.044585987261146494
1 0.5786713286713286 0.5270700636942676 0.04312354312354312 0.028662420382165606
1 0.8012820512820513 0.6934713375796179 0.05944055944055944 0.1321656050955414
0 0.502913752913753 0.35429936305732485 0.0337995337995338 0.08121019108280254
0 0.28846153846153844 0.945859872611465 0.024475524475524476 0.050955414012738856
1 0.8117715617715617 0.7945859872611465 0.06876456876456877 0.06369426751592357
1 0.33974358974358976 0.11703821656050956 0.05944055944055944 0.1321656050955414
1 0.4254079254079254 0.48009554140127386 0.018648018648018648 0.05573248407643312
