1 0.9038461538461539 0.7364649681528662 0.08275058275058275 0.07484076433121019
1 0.05303030303030303 0.5207006369426752 0.05710955710955711 0.03503184713375796
0 0.6148018648018648 0.2444267515923567 0.045454545454545456 0.03980891719745223
1 0.5198135198135199 0.1839171974522293 0.07459207459207459 0.12898089171974522
1 0.5926573426573427 0.929140127388535 0.09673659673659674 0.08121019108280254
1 0.2803030303030303 0.7810509554140127 0.05944055944055944 0.1321656050955414
1 0.9009324009324009 0.33996815286624205 0.03496503496503497 0.06847133757961783
1 0.9696969696969697 0.36942675159235666 0.030303030303030304 0.06369426751592357
0 0.736013986013986 0.22213375796178345 0.05710955710955711 0.052547770700636945
1 0.4219114219114219 0.7460191082802548 0.06060606060606061 0.06528662420382166
