1 0.1258741258741259 0.12579617834394904 0.053613053613053616 0.04777070063694268
1 0.8642191142191142 0.5517515923566879 0.06643356643356643 0.17993630573248406
1 0.8613053613053613 0.7117834394904459 0.07925407925407925 0.06369426751592357
0 0.9318181818181818 0.7985668789808917 0.09673659673659674 0.07802547770700637
1 0.6462703962703963 0.625 0.0641025641025641 0.042993630573248405
0 0.5099067599067599 0.929140127388535 0.11538461538461539 0.10668789808917198
1 0.09382284382284382 0.60828025477707 0.13403263403263405 0.09554140127388536
0 0.1357808857808858 0.4593949044585987 0.04312354312354312 0.12261146496815287
2 0.5064102564102564 0.6839171974522293 0.06177156177156177 0.052547770700636945
1 0.8385780885780886 0.9307324840764332 0.05944055944055944 0.1321656050955414
