1 0.3822843822843823 0.6106687898089171 0.08158508158508158 0.06210191082802548
1 0.4982517482517482 0.35589171974522293 0.05710955710955711 0.03343949044585987
2 0.32284382284382285 0.1464968152866242 0.030303030303030304 0.07961783439490445
2 0.11946386946386946 0.9068471337579618 0.05944055944055944 0.052547770700636945
0 0.38752913752913754 0.9673566878980892 0.05710955710955711 0.052547770700636945
2 0.22319347319347319 0.7380573248407644 0.06177156177156177 0.052547770700636945
2 0.9603729603729604 0.3893312101910828 0.06060606060606061 0.052547770700636945
1 0.6847319347319347 0.7659235668789809 0.0944055944055944 0.06050955414012739
1 0.5932400932400932 0.43312101910828027 0.09324009324009325 0.05732484076433121
1 0.8088578088578089 0.3343949044585987 0.08158508158508158 0.06050955414012739
