1 0.5757575757575758 0.6640127388535032 0.05827505827505827 0.03503184713375796
2 0.2773892773892774 0.2619426751592357 0.05827505827505827 0.03343949044585987
0 0.45396270396270394 0.785828025477707 0.047785547785547784 0.06210191082802548
1 0.25815850815850816 0.4721337579617834 0.054778554778554776 0.11305732484076433
0 0.5413752913752914 0.8614649681528662 0.054778554778554776 0.07961783439490445
0 0.5431235431235432 0.4753184713375796 0.03263403263403263 0.08121019108280254
1 0.9184149184149184 0.7762738853503185 0.04428904428904429 0.12261146496815287
1 0.7884615384615384 0.6488853503184714 0.08275058275058275 0.07484076433121019
1 0.07867132867132867 0.8121019108280255 0.05944055944055944 0.1305732484076433
0 0.4819347319347319 0.04378980891719745 0.09906759906759907 0.08121019108280254
