0 0.18298368298368298 0.49363057324840764 0.04195804195804196 0.08917197452229299
2 0.8129370629370629 0.45143312101910826 0.047785547785547784 0.03662420382165605
1 0.541958041958042 0.589171974522293 0.06060606060606061 0.06369426751592357
0 0.6357808857808858 0.24920382165605096 0.054778554778554776 0.11305732484076433
1 0.34265734265734266 0.6998407643312102 0.04428904428904429 0.12261146496815287
1 0.4935897435897436 0.38296178343949044 0.047785547785547784 0.09713375796178345
1 0.38286713286713286 0.9426751592356688 0.045454545454545456 0.11146496815286625
1 0.25582750582750585 0.6488853503184714 0.09207459207459208 0.06528662420382166
2 0.7756410256410257 0.9084394904458599 0.03146853146853147 0.06210191082802548
2 0.40559440559440557 0.6592356687898089 0.039627039627039624 0.10509554140127389
