2 0.6468531468531469 0.4554140127388535 0.039627039627039624 0.08280254777070063
2 0.21095571095571095 0.7396496815286624 0.030303030303030304 0.07165605095541401
1 0.4143356643356643 0.07961783439490445 0.05011655011655012 0.04777070063694268
1 0.4393939393939394 0.9578025477707006 0.07925407925407925 0.04936305732484077
1 0.921911421911422 0.7396496815286624 0.08158508158508158 0.06210191082802548
1 0.3945221445221445 0.2428343949044586 0.05944055944055944 0.1321656050955414
0 0.7051282051282052 0.46894904458598724 0.030303030303030304 0.07165605095541401
2 0.331002331002331 0.6632165605095541 0.037296037296037296 0.02388535031847134
0 0.6713286713286714 0.3176751592356688 0.08391608391608392 0.07802547770700637
1 0.16083916083916083 0.7356687898089171 0.037296037296037296 0.054140127388535034
