2 0.5174825174825175 0.5207006369426752 0.03496503496503497 0.08280254777070063
0 0.2523310023310023 0.2213375796178344 0.03613053613053613 0.04777070063694268
1 0.02972027972027972 0.3160828025477707 0.04312354312354312 0.12579617834394904
0 0.5973193473193473 0.8017515923566879 0.038461538461538464 0.08439490445859872
1 0.6392773892773893 0.16321656050955413 0.045454545454545456 0.1321656050955414
2 0.7925407925407926 0.76671974522293 0.030303030303030304 0.07165605095541401
1 0.8933566433566433 0.25079617834394907 0.05944055944055944 0.1321656050955414
1 0.24708624708624707 0.14888535031847133 0.10955710955710955 0.0875796178343949
2 0.08100233100233101 0.26671974522292996 0.03146853146853147 0.07484076433121019
2 0.0844988344988345 0.945859872611465 0.06876456876456877 0.04777070063694268
