0 0.9638694638694638 0.5119426751592356 0.037296037296037296 0.08121019108280254
2 0.8793706293706294 0.38296178343949044 0.06177156177156177 0.052547770700636945
0 0.7727272727272727 0.21019108280254778 0.055944055944055944 0.054140127388535034
1 0.08041958041958042 0.6122611464968153 0.0675990675990676 0.052547770700636945
1 0.44755244755244755 0.3638535031847134 0.039627039627039624 0.02388535031847134
1 0.48892773892773894 0.6186305732484076 0.017482517482517484 0.052547770700636945
1 0.4114219114219114 0.27229299363057324 0.11188811188811189 0.11464968152866242
1 0.08624708624708624 0.39331210191082805 0.04195804195804196 0.025477707006369428
1 0.504079254079254 0.8853503184713376 0.08741258741258741 0.05732484076433121
1 0.6118881118881119 0.4339171974522293 0.04428904428904429 0.10987261146496816
