1 0.44813519813519814 0.85828025477707 0.05710955710955711 0.03503184713375796
1 0.38344988344988346 0.24601910828025478 0.05128205128205128 0.04617834394904458
1 0.8362470862470862 0.643312101910828 0.09207459207459208 0.05732484076433121
1 0.3479020979020979 0.6122611464968153 0.08275058275058275 0.07484076433121019
1 0.6416083916083916 0.1926751592356688 0.0780885780885781 0.06687898089171974
0 0.3543123543123543 0.5039808917197452 0.07226107226107226 0.14171974522292993
1 0.033216783216783216 0.2762738853503185 0.03146853146853147 0.09713375796178345
1 0.6113053613053613 0.31687898089171973 0.024475524475524476 0.05732484076433121
1 0.8420745920745921 0.7778662420382165 0.04312354312354312 0.12579617834394904
0 0.7074592074592074 0.5143312101910829 0.030303030303030304 0.07006369426751592
