0 0.2465034965034965 0.464171974522293 0.04312354312354312 0.0875796178343949
1 0.8304195804195804 0.2372611464968153 0.05944055944055944 0.1305732484076433
2 0.10256410256410256 0.8049363057324841 0.030303030303030304 0.07165605095541401
1 0.07051282051282051 0.31369426751592355 0.047785547785547784 0.1337579617834395
2 0.972027972027972 0.9609872611464968 0.027972027972027972 0.06847133757961783
2 0.9842657342657343 0.6815286624203821 0.024475524475524476 0.07006369426751592
1 0.8613053613053613 0.5987261146496815 0.030303030303030304 0.06369426751592357
1 0.6812354312354313 0.7587579617834395 0.05944055944055944 0.1321656050955414
1 0.7954545454545454 0.9546178343949044 0.04079254079254079 0.02388535031847134
1 0.4353146853146853 0.8734076433121019 0.03146853146853147 0.08121019108280254
