0 0.6678321678321678 0.518312101910828 0.03263403263403263 0.08121019108280254
1 0.7937062937062938 0.9530254777070064 0.09557109557109557 0.06210191082802548
1 0.16142191142191142 0.32802547770700635 0.06177156177156177 0.041401273885350316
0 0.5745920745920746 0.660031847133758 0.04195804195804196 0.03980891719745223
1 0.6940559440559441 0.06369426751592357 0.017482517482517484 0.050955414012738856
0 0.4184149184149184 0.1624203821656051 0.04895104895104895 0.10509554140127389
1 0.8910256410256411 0.10191082802547771 0.045454545454545456 0.1305732484076433
1 0.1182983682983683 0.6831210191082803 0.038461538461538464 0.022292993630573247
2 0.2511655011655012 0.5127388535031847 0.05944055944055944 0.1178343949044586
1 0.1963869463869464 0.697452229299363 0.03146853146853147 0.07006369426751592
