1 0.8222610722610723 0.4339171974522293 0.029137529137529136 0.08439490445859872
2 0.539044289044289 0.6934713375796179 0.09906759906759907 0.06528662420382166
0 0.9440559440559441 0.8415605095541401 0.06993006993006994 0.06210191082802548
1 0.8747086247086248 0.25796178343949044 0.019813519813519812 0.05732484076433121
0 0.32634032634032634 0.5294585987261147 0.030303030303030304 0.07165605095541401
1 0.05011655011655012 0.5501592356687898 0.08391608391608392 0.06210191082802548
1 0.38752913752913754 0.5660828025477707 0.06643356643356643 0.06847133757961783
1 0.3409090909090909 0.3503184713375796 0.06177156177156177 0.054140127388535034
1 0.4557109557109557 0.8447452229299363 0.030303030303030304 0.06210191082802548
1 0.14801864801864803 0.37579617834394907 0.04895104895104895 0.028662420382165606
