1 0.050699300699300696 0.5230891719745223 0.09207459207459208 0.06528662420382166
1 0.9498834498834499 0.0875796178343949 0.09557109557109557 0.06050955414012739
2 0.43414918414918413 0.22770700636942676 0.017482517482517484 0.050955414012738856
0 0.8566433566433567 0.9267515923566879 0.02564102564102564 0.06687898089171974
1 0.7867132867132867 0.22770700636942676 0.016317016317016316 0.050955414012738856
1 0.20512820512820512 0.642515923566879 0.05128205128205128 0.04617834394904458
0 0.7371794871794872 0.5780254777070064 0.03613053613053613 0.08598726114649681
0 0.25990675990675993 0.8702229299363057 0.030303030303030304 0.07165605095541401
1 0.22727272727272727 0.4880573248407643 0.07459207459207459 0.12898089171974522
0 0.5594405594405595 0.7977707006369427 0.037296037296037296 0.03184713375796178
