0 0.8234265734265734 0.1449044585987261 0.0337995337995338 0.07643312101910828
0 0.3951048951048951 0.5851910828025477 0.06060606060606061 0.04617834394904458
1 0.08333333333333333 0.09235668789808917 0.05710955710955711 0.050955414012738856
1 0.9248251748251748 0.32245222929936307 0.06876456876456877 0.04617834394904458
1 0.18356643356643357 0.6273885350318471 0.12937062937062938 0.09235668789808917
2 0.33624708624708627 0.3614649681528662 0.05011655011655012 0.03184713375796178
1 0.9178321678321678 0.39171974522292996 0.06177156177156177 0.03821656050955414
1 0.03787878787878788 0.4888535031847134 0.045454545454545456 0.1305732484076433
1 0.5553613053613053 0.18471337579617833 0.03613053613053613 0.022292993630573247
1 0.45046620046620045 0.375 0.05944055944055944 0.03980891719745223
