1 0.7674825174825175 0.375 0.05944055944055944 0.1321656050955414
1 0.1655011655011655 0.6926751592356688 0.037296037296037296 0.07643312101910828
1 0.3677156177156177 0.2619426751592357 0.10139860139860139 0.0875796178343949
1 0.13752913752913754 0.3463375796178344 0.07925407925407925 0.15127388535031847
2 0.2907925407925408 0.5851910828025477 0.03146853146853147 0.10031847133757962
0 0.6247086247086248 0.6902866242038217 0.02564102564102564 0.0589171974522293
2 0.784965034965035 0.9609872611464968 0.03146853146853147 0.020700636942675158
2 0.027389277389277388 0.5644904458598726 0.054778554778554776 0.11305732484076433
2 0.19230769230769232 0.5485668789808917 0.027972027972027972 0.06847133757961783
1 0.46853146853146854 0.5668789808917197 0.1445221445221445 0.08917197452229299
