1 0.8630536130536131 0.5764331210191083 0.017482517482517484 0.050955414012738856
1 0.27214452214452217 0.40605095541401276 0.038461538461538464 0.11146496815286625
1 0.4935897435897436 0.8988853503184714 0.022144522144522144 0.06210191082802548
0 0.09965034965034965 0.4928343949044586 0.03146853146853147 0.06210191082802548
0 0.5705128205128205 0.22929936305732485 0.10839160839160839 0.18789808917197454
2 0.6870629370629371 0.7691082802547771 0.05944055944055944 0.054140127388535034
1 0.11305361305361306 0.8312101910828026 0.03496503496503497 0.022292993630573247
2 0.8706293706293706 0.7014331210191083 0.027972027972027972 0.06847133757961783
0 0.38053613053613056 0.35668789808917195 0.05244755244755245 0.041401273885350316
1 0.2768065268065268 0.8192675159235668 0.04312354312354312 0.12579617834394904
