1 0.9073426573426573 0.39410828025477707 0.08275058275058275 0.07484076433121019
1 0.23717948717948717 0.4984076433121019 0.13403263403263405 0.09872611464968153
1 0.960955710955711 0.13296178343949044 0.017482517482517484 0.052547770700636945
1 0.5116550116550117 0.6656050955414012 0.046620046620046623 0.09235668789808917
1 0.789044289044289 0.1998407643312102 0.14918414918414918 0.09713375796178345
0 0.5186480186480187 0.4840764331210191 0.03496503496503497 0.0732484076433121
1 0.4533799533799534 0.910031847133758 0.08158508158508158 0.06210191082802548
2 0.049533799533799536 0.4601910828025478 0.06177156177156177 0.050955414012738856
1 0.27214452214452217 0.7898089171974523 0.047785547785547784 0.11146496815286625
1 0.2966200466200466 0.9442675159235668 0.06876456876456877 0.041401273885350316
