0 0.18181818181818182 0.8598726114649682 0.05128205128205128 0.04777070063694268
1 0.0844988344988345 0.5039808917197452 0.05944055944055944 0.1321656050955414
2 0.11247086247086246 0.2603503184713376 0.0337995337995338 0.07802547770700637
1 0.4125874125874126 0.8232484076433121 0.07226107226107226 0.05732484076433121
1 0.634032634032634 0.6871019108280255 0.09557109557109557 0.06210191082802548
1 0.07692307692307693 0.1178343949044586 0.06060606060606061 0.03821656050955414
0 0.17249417249417248 0.7714968152866242 0.06293706293706294 0.052547770700636945
1 0.5064102564102564 0.9132165605095541 0.0944055944055944 0.06210191082802548
1 0.270979020979021 0.14570063694267515 0.03146853146853147 0.08121019108280254
0 0.2494172494172494 0.22770700636942676 0.07925407925407925 0.07006369426751592
