1 0.30594405594405594 0.4482484076433121 0.054778554778554776 0.11305732484076433
2 0.7931235431235432 0.8304140127388535 0.07109557109557109 0.04936305732484077
1 0.11946386946386946 0.2659235668789809 0.1386946386946387 0.09554140127388536
2 0.33916083916083917 0.5820063694267515 0.037296037296037296 0.08439490445859872
2 0.7628205128205128 0.375 0.03146853146853147 0.07484076433121019
1 0.2773892773892774 0.7101910828025477 0.09557109557109557 0.06050955414012739
1 0.8910256410256411 0.10748407643312102 0.054778554778554776 0.03343949044585987
0 0.12703962703962704 0.7062101910828026 0.05128205128205128 0.04617834394904458
1 0.48543123543123545 0.8439490445859873 0.05944055944055944 0.050955414012738856
1 0.8828671328671329 0.36942675159235666 0.05944055944055944 0.1305732484076433
