1 0.34265734265734266 0.4410828025477707 0.08391608391608392 0.050955414012738856
1 0.19055944055944055 0.8097133757961783 0.09207459207459208 0.05573248407643312
1 0.8333333333333334 0.8765923566878981 0.04428904428904429 0.13535031847133758
2 0.6404428904428905 0.03503184713375796 0.05244755244755245 0.041401273885350316
2 0.09382284382284382 0.6106687898089171 0.03146853146853147 0.08121019108280254
0 0.6882284382284383 0.589171974522293 0.038461538461538464 0.08598726114649681
1 0.8292540792540792 0.7571656050955414 0.029137529137529136 0.09076433121019108
0 0.2534965034965035 0.49442675159235666 0.05944055944055944 0.08121019108280254
1 0.21095571095571095 0.6934713375796179 0.039627039627039624 0.02388535031847134
1 0.3275058275058275 0.2921974522292994 0.09557109557109557 0.06210191082802548
