0 0.08391608391608392 0.7643312101910829 0.02564102564102564 0.05732484076433121
1 0.20104895104895104 0.15286624203821655 0.05944055944055944 0.1305732484076433
2 0.050699300699300696 0.3232484076433121 0.05944055944055944 0.054140127388535034
1 0.4155011655011655 0.304140127388535 0.0641025641025641 0.05732484076433121
1 0.2948717948717949 0.2961783439490446 0.053613053613053616 0.05732484076433121
0 0.9504662004662005 0.9339171974522293 0.06177156177156177 0.052547770700636945
1 0.5442890442890443 0.1998407643312102 0.04428904428904429 0.12261146496815287
2 0.29836829836829837 0.4068471337579618 0.027972027972027972 0.06847133757961783
1 0.16666666666666666 0.8343949044585988 0.10722610722610723 0.11464968152866242
1 0.5833333333333334 0.5414012738853503 0.038461538461538464 0.025477707006369428
