1 0.1148018648018648 0.9243630573248408 0.017482517482517484 0.052547770700636945
0 0.4195804195804196 0.19585987261146498 0.046620046620046623 0.10509554140127389
1 0.40326340326340326 0.6027070063694268 0.037296037296037296 0.1035031847133758
0 0.5046620046620046 0.8797770700636943 0.053613053613053616 0.07802547770700637
1 0.35664335664335667 0.4697452229299363 0.07459207459207459 0.041401273885350316
1 0.32226107226107226 0.6050955414012739 0.017482517482517484 0.025477707006369428
1 0.6579254079254079 0.6377388535031847 0.13403263403263405 0.08439490445859872
1 0.11363636363636363 0.40843949044585987 0.12937062937062938 0.09076433121019108
1 0.4026806526806527 0.9689490445859873 0.06876456876456877 0.06210191082802548
2 0.9044289044289044 0.3765923566878981 0.030303030303030304 0.07165605095541401
