0 0.3175990675990676 0.875 0.0780885780885781 0.06210191082802548
1 0.20396270396270397 0.8734076433121019 0.016317016317016316 0.052547770700636945
0 0.9446386946386947 0.06130573248407643 0.08275058275058275 0.07484076433121019
1 0.5553613053613053 0.9227707006369427 0.08741258741258741 0.07484076433121019
1 0.5157342657342657 0.07563694267515923 0.029137529137529136 0.0875796178343949
1 0.6148018648018648 0.5055732484076433 0.09673659673659674 0.08121019108280254
0 0.08916083916083917 0.8248407643312102 0.04079254079254079 0.08917197452229299
1 0.1958041958041958 0.04219745222929936 0.07692307692307693 0.04617834394904458
1 0.8210955710955711 0.4482484076433121 0.017482517482517484 0.05573248407643312
1 0.9125874125874126 0.64171974522293 0.018648018648018648 0.05732484076433121
