1 0.3764568764568765 0.857484076433121 0.08158508158508158 0.06210191082802548
2 0.8321678321678322 0.9164012738853503 0.03263403263403263 0.020700636942675158
0 0.8916083916083916 0.9267515923566879 0.04895104895104895 0.044585987261146494
1 0.22261072261072262 0.3893312101910828 0.07226107226107226 0.14171974522292993
1 0.12121212121212122 0.1321656050955414 0.04195804195804196 0.1178343949044586
1 0.1381118881118881 0.35111464968152867 0.05710955710955711 0.0589171974522293
2 0.24417249417249418 0.7786624203821656 0.038461538461538464 0.08598726114649681
1 0.831002331002331 0.1735668789808917 0.08158508158508158 0.06050955414012739
1 0.7668997668997669 0.642515923566879 0.016317016317016316 0.052547770700636945
1 0.9236596736596736 0.39410828025477707 0.1317016317016317 0.0875796178343949
