1 0.3583916083916084 0.28343949044585987 0.08041958041958042 0.06369426751592357
1 0.791958041958042 0.25398089171974525 0.08275058275058275 0.07484076433121019
0 0.5571095571095571 0.7611464968152867 0.03496503496503497 0.07006369426751592
1 0.3344988344988345 0.7627388535031847 0.039627039627039624 0.025477707006369428
0 0.5518648018648019 0.3503184713375796 0.08974358974358974 0.08598726114649681
2 0.5145687645687645 0.8487261146496815 0.05710955710955711 0.03821656050955414
0 0.2907925407925408 0.12181528662420382 0.06177156177156177 0.11305732484076433
0 0.21445221445221446 0.1106687898089172 0.046620046620046623 0.10987261146496816
1 0.20104895104895104 0.2890127388535032 0.0944055944055944 0.09076433121019108
1 0.9411421911421911 0.3359872611464968 0.05944055944055944 0.1305732484076433
