1 0.418997668997669 0.6544585987261147 0.09207459207459208 0.10191082802547771
2 0.1987179487179487 0.7348726114649682 0.038461538461538464 0.08439490445859872
1 0.578088578088578 0.6114649681528662 0.037296037296037296 0.022292993630573247
1 0.736013986013986 0.46337579617834396 0.026806526806526808 0.07961783439490445
1 0.32400932400932403 0.6536624203821656 0.037296037296037296 0.06528662420382166
1 0.05419580419580419 0.89171974522293 0.05944055944055944 0.1305732484076433
0 0.8036130536130536 0.22054140127388536 0.0337995337995338 0.08121019108280254
2 0.5442890442890443 0.15286624203821655 0.04895104895104895 0.03184713375796178
1 0.3298368298368298 0.2611464968152866 0.13752913752913754 0.11464968152866242
1 0.0944055944055944 0.45302547770700635 0.04428904428904429 0.13535031847133758
