1 0.6351981351981352 0.4355095541401274 0.03496503496503497 0.052547770700636945
1 0.8898601398601399 0.49442675159235666 0.05944055944055944 0.1321656050955414
2 0.10897435897435898 0.6536624203821656 0.029137529137529136 0.08439490445859872
0 0.44347319347319347 0.21019108280254778 0.0337995337995338 0.0732484076433121
0 0.6194638694638694 0.06926751592356688 0.06876456876456877 0.04617834394904458
1 0.5378787878787878 0.21815286624203822 0.0337995337995338 0.050955414012738856
1 0.32400932400932403 0.6847133757961783 0.08158508158508158 0.06050955414012739
1 0.9592074592074592 0.2659235668789809 0.07692307692307693 0.050955414012738856
1 0.7138694638694638 0.8256369426751592 0.026806526806526808 0.0589171974522293
1 0.3921911421911422 0.5644904458598726 0.054778554778554776 0.11305732484076433
