1 0.5641025641025641 0.5238853503184714 0.04895104895104895 0.1305732484076433
1 0.6410256410256411 0.8240445859872612 0.10955710955710955 0.06847133757961783
0 0.32400932400932403 0.14251592356687898 0.030303030303030304 0.042993630573248405
1 0.5477855477855478 0.1520700636942675 0.07226107226107226 0.1321656050955414
0 0.9026806526806527 0.7603503184713376 0.06177156177156177 0.052547770700636945
1 0.17657342657342656 0.392515923566879 0.017482517482517484 0.052547770700636945
2 0.8916083916083916 0.18869426751592358 0.06060606060606061 0.03662420382165605
1 0.8560606060606061 0.6170382165605095 0.05944055944055944 0.1321656050955414
0 0.3094405594405594 0.85828025477707 0.045454545454545456 0.10828025477707007
1 0.7418414918414918 0.4307324840764331 0.08275058275058275 0.07484076433121019
