1 0.8863636363636364 0.30095541401273884 0.0780885780885781 0.06687898089171974
1 0.717948717948718 0.1942675159235669 0.08158508158508158 0.06050955414012739
1 0.2738927738927739 0.1035031847133758 0.03496503496503497 0.01910828025477707
0 0.11713286713286714 0.4840764331210191 0.04079254079254079 0.07961783439490445
2 0.7808857808857809 0.6616242038216561 0.027972027972027972 0.06847133757961783
2 0.583916083916084 0.679140127388535 0.027972027972027972 0.06847133757961783
1 0.5081585081585082 0.3176751592356688 0.08158508158508158 0.06210191082802548
2 0.17715617715617715 0.22929936305732485 0.055944055944055944 0.03821656050955414
1 0.6066433566433567 0.1106687898089172 0.038461538461538464 0.02388535031847134
2 0.4493006993006993 0.21815286624203822 0.0337995337995338 0.08917197452229299
