1 0.789044289044289 0.7101910828025477 0.027972027972027972 0.07961783439490445
1 0.5262237762237763 0.5652866242038217 0.026806526806526808 0.07961783439490445
1 0.17307692307692307 0.06767515923566879 0.05944055944055944 0.1321656050955414
1 0.6637529137529138 0.8542993630573248 0.04079254079254079 0.02388535031847134
1 0.6148018648018648 0.1926751592356688 0.08974358974358974 0.07006369426751592
2 0.26107226107226106 0.1552547770700637 0.027972027972027972 0.06847133757961783
0 0.19114219114219114 0.40445859872611467 0.04195804195804196 0.05732484076433121
2 0.2703962703962704 0.76671974522293 0.07925407925407925 0.052547770700636945
2 0.664918414918415 0.34076433121019106 0.038461538461538464 0.08280254777070063
2 0.5250582750582751 0.14729299363057324 0.03146853146853147 0.020700636942675158
