1 0.168997668997669 0.946656050955414 0.09557109557109557 0.06210191082802548
2 0.6870629370629371 0.7611464968152867 0.05244755244755245 0.041401273885350316
1 0.1585081585081585 0.5461783439490446 0.07925407925407925 0.07006369426751592
0 0.951048951048951 0.6910828025477707 0.053613053613053616 0.04777070063694268
0 0.6124708624708625 0.6130573248407644 0.05011655011655012 0.03821656050955414
0 0.7237762237762237 0.5947452229299363 0.030303030303030304 0.07165605095541401
2 0.8980186480186481 0.8383757961783439 0.054778554778554776 0.11305732484076433
2 0.3548951048951049 0.5047770700636943 0.029137529137529136 0.0732484076433121
0 0.9382284382284383 0.44187898089171973 0.07692307692307693 0.04617834394904458
0 0.3275058275058275 0.8136942675159236 0.06993006993006994 0.1305732484076433
