0 0.1048951048951049 0.7890127388535032 0.03496503496503497 0.06847133757961783
0 0.5751748251748252 0.5955414012738853 0.04079254079254079 0.08917197452229299
1 0.3543123543123543 0.8550955414012739 0.037296037296037296 0.022292993630573247
1 0.2395104895104895 0.4148089171974522 0.09207459207459208 0.06528662420382166
1 0.708041958041958 0.8121019108280255 0.03146853146853147 0.07006369426751592
1 0.039627039627039624 0.6186305732484076 0.013986013986013986 0.03662420382165605
1 0.5209790209790209 0.7213375796178344 0.08624708624708624 0.06369426751592357
2 0.9667832167832168 0.8670382165605095 0.045454545454545456 0.042993630573248405
0 0.7453379953379954 0.12818471337579618 0.03613053613053613 0.07484076433121019
2 0.3962703962703963 0.30254777070063693 0.03263403263403263 0.07643312101910828
