0 0.06468531468531469 0.18710191082802546 0.03613053613053613 0.07165605095541401
2 0.6952214452214452 0.18550955414012738 0.038461538461538464 0.08121019108280254
2 0.11305361305361306 0.31369426751592355 0.05827505827505827 0.03821656050955414
1 0.5506993006993007 0.8901273885350318 0.047785547785547784 0.1337579617834395
0 0.6765734265734266 0.8288216560509554 0.03613053613053613 0.04936305732484077
1 0.07400932400932402 0.47054140127388533 0.05710955710955711 0.12261146496815287
1 0.763986013986014 0.07882165605095541 0.05944055944055944 0.04936305732484077
0 0.34324009324009325 0.5007961783439491 0.04312354312354312 0.0875796178343949
1 0.7913752913752914 0.4864649681528662 0.08158508158508158 0.06210191082802548
2 0.17191142191142192 0.07085987261146497 0.05944055944055944 0.03980891719745223
