0 0.7167832167832168 0.13455414012738853 0.030303030303030304 0.03980891719745223
1 0.41083916083916083 0.7866242038216561 0.045454545454545456 0.1305732484076433
1 0.33974358974358976 0.5342356687898089 0.05944055944055944 0.1321656050955414
1 0.05536130536130536 0.6170382165605095 0.05944055944055944 0.1321656050955414
1 0.10023310023310024 0.8877388535031847 0.08158508158508158 0.06210191082802548
1 0.8199300699300699 0.3049363057324841 0.054778554778554776 0.11305732484076433
2 0.8397435897435898 0.6202229299363057 0.0337995337995338 0.1035031847133758
1 0.87004662004662 0.2929936305732484 0.04312354312354312 0.11464968152866242
1 0.9399766899766899 0.47054140127388533 0.05944055944055944 0.1321656050955414
0 0.7523310023310024 0.4713375796178344 0.04079254079254079 0.07961783439490445
