2 0.44347319347319347 0.5087579617834395 0.026806526806526808 0.07484076433121019
1 0.9458041958041958 0.9052547770700637 0.05944055944055944 0.1321656050955414
1 0.30477855477855476 0.3288216560509554 0.06876456876456877 0.04617834394904458
0 0.7354312354312355 0.964171974522293 0.02097902097902098 0.06210191082802548
1 0.9562937062937062 0.7085987261146497 0.05944055944055944 0.1305732484076433
1 0.3618881118881119 0.7539808917197452 0.05944055944055944 0.1321656050955414
1 0.5303030303030303 0.767515923566879 0.018648018648018648 0.04777070063694268
0 0.8053613053613053 0.4434713375796178 0.05827505827505827 0.11305732484076433
1 0.17132867132867133 0.33996815286624205 0.018648018648018648 0.05573248407643312
1 0.36655011655011654 0.10748407643312102 0.04312354312354312 0.08439490445859872
