2 0.8642191142191142 0.8168789808917197 0.017482517482517484 0.044585987261146494
1 0.5961538461538461 0.12579617834394904 0.09207459207459208 0.05732484076433121
1 0.27505827505827507 0.4737261146496815 0.055944055944055944 0.1035031847133758
0 0.6748251748251748 0.8407643312101911 0.053613053613053616 0.04777070063694268
1 0.09906759906759907 0.23964968152866242 0.04428904428904429 0.08121019108280254
1 0.09265734265734266 0.8646496815286624 0.08741258741258741 0.07006369426751592
1 0.8356643356643356 0.3001592356687898 0.046620046620046623 0.06210191082802548
0 0.32634032634032634 0.7810509554140127 0.08391608391608392 0.07802547770700637
2 0.62004662004662 0.5931528662420382 0.10955710955710955 0.07484076433121019
2 0.3123543123543124 0.1480891719745223 0.037296037296037296 0.09872611464968153
