1 0.06876456876456877 0.3893312101910828 0.016317016317016316 0.052547770700636945
2 0.2400932400932401 0.8988853503184714 0.03496503496503497 0.10031847133757962
2 0.8782051282051282 0.2643312101910828 0.06177156177156177 0.050955414012738856
1 0.14044289044289043 0.38455414012738853 0.05944055944055944 0.1321656050955414
1 0.8980186480186481 0.76671974522293 0.09207459207459208 0.07165605095541401
2 0.47785547785547783 0.5151273885350318 0.027972027972027972 0.08439490445859872
0 0.9504662004662005 0.3192675159235669 0.03613053613053613 0.02388535031847134
0 0.8543123543123543 0.09554140127388536 0.04428904428904429 0.11464968152866242
1 0.5425407925407926 0.35429936305732485 0.09673659673659674 0.08121019108280254
1 0.9638694638694638 0.08519108280254777 0.02564102564102564 0.07802547770700637
