1 0.06585081585081586 0.5191082802547771 0.10839160839160839 0.11146496815286625
1 0.030303030303030304 0.9044585987261147 0.018648018648018648 0.054140127388535034
1 0.5314685314685315 0.32245222929936307 0.06993006993006994 0.1767515923566879
1 0.10081585081585082 0.31210191082802546 0.04079254079254079 0.025477707006369428
1 0.8677156177156177 0.5246815286624203 0.05944055944055944 0.03980891719745223
1 0.7913752913752914 0.6703821656050956 0.055944055944055944 0.03184713375796178
2 0.6963869463869464 0.12022292993630573 0.05944055944055944 0.04617834394904458
1 0.7622377622377622 0.2213375796178344 0.02564102564102564 0.07643312101910828
2 0.7319347319347319 0.47929936305732485 0.03496503496503497 0.08280254777070063
1 0.18240093240093241 0.8152866242038217 0.05944055944055944 0.1305732484076433
