0 0.4358974358974359 0.3176751592356688 0.027972027972027972 0.08121019108280254
1 0.47144522144522144 0.0589171974522293 0.09207459207459208 0.05732484076433121
2 0.44405594405594406 0.38136942675159236 0.06060606060606061 0.03980891719745223
1 0.5559440559440559 0.09713375796178345 0.030303030303030304 0.07643312101910828
1 0.6223776223776224 0.2746815286624204 0.046620046620046623 0.10987261146496816
1 0.26165501165501165 0.6305732484076433 0.09207459207459208 0.06050955414012739
1 0.7115384615384616 0.21656050955414013 0.054778554778554776 0.03503184713375796
0 0.3822843822843823 0.08359872611464968 0.06060606060606061 0.11942675159235669
0 0.12412587412587413 0.39331210191082805 0.06876456876456877 0.08280254777070063
0 0.8047785547785548 0.1449044585987261 0.03613053613053613 0.0732484076433121
