1 0.8648018648018648 0.7022292993630573 0.08391608391608392 0.050955414012738856
0 0.9289044289044289 0.12022292993630573 0.027972027972027972 0.06847133757961783
2 0.8752913752913752 0.11544585987261147 0.030303030303030304 0.07165605095541401
1 0.527972027972028 0.8312101910828026 0.07459207459207459 0.041401273885350316
1 0.8467365967365967 0.3343949044585987 0.04079254079254079 0.025477707006369428
1 0.6818181818181818 0.9028662420382165 0.018648018648018648 0.05732484076433121
2 0.710955710955711 0.7412420382165605 0.053613053613053616 0.03662420382165605
2 0.4184149184149184 0.5310509554140127 0.03496503496503497 0.10031847133757962
1 0.9749417249417249 0.8423566878980892 0.026806526806526808 0.07961783439490445
1 0.5355477855477856 0.9585987261146497 0.017482517482517484 0.054140127388535034
