2 0.45396270396270394 0.36942675159235666 0.017482517482517484 0.05732484076433121
2 0.5192307692307693 0.23646496815286625 0.0337995337995338 0.09394904458598727
0 0.14277389277389277 0.9307324840764332 0.03146853146853147 0.07165605095541401
1 0.058857808857808856 0.6345541401273885 0.05944055944055944 0.1321656050955414
2 0.15326340326340326 0.6910828025477707 0.0944055944055944 0.06050955414012739
1 0.3479020979020979 0.10191082802547771 0.05944055944055944 0.1305732484076433
1 0.710955710955711 0.9052547770700637 0.037296037296037296 0.020700636942675158
2 0.49009324009324007 0.7062101910828026 0.06177156177156177 0.052547770700636945
1 0.6019813519813519 0.8113057324840764 0.05944055944055944 0.1321656050955414
0 0.7803030303030303 0.4554140127388535 0.1386946386946387 0.1178343949044586
