0 0.32342657342657344 0.47611464968152867 0.11538461538461539 0.09235668789808917
1 0.9294871794871795 0.607484076433121 0.05944055944055944 0.1321656050955414
1 0.2896270396270396 0.9148089171974523 0.08275058275058275 0.07484076433121019
1 0.055944055944055944 0.41162420382165604 0.023310023310023312 0.06847133757961783
1 0.8630536130536131 0.429140127388535 0.06876456876456877 0.18312101910828024
2 0.49475524475524474 0.28264331210191085 0.0337995337995338 0.07802547770700637
1 0.6917249417249417 0.5230891719745223 0.09673659673659674 0.08121019108280254
2 0.7365967365967366 0.4410828025477707 0.0675990675990676 0.044585987261146494
0 0.585081585081585 0.6321656050955414 0.037296037296037296 0.07643312101910828
1 0.6037296037296037 0.8941082802547771 0.04895104895104895 0.12579617834394904
