2 0.34440559440559443 0.2945859872611465 0.022144522144522144 0.06687898089171974
2 0.916083916083916 0.1393312101910828 0.06293706293706294 0.052547770700636945
1 0.46678321678321677 0.3590764331210191 0.0641025641025641 0.03980891719745223
1 0.40093240093240096 0.6695859872611465 0.05128205128205128 0.11942675159235669
1 0.6252913752913752 0.6361464968152867 0.04312354312354312 0.12579617834394904
0 0.7517482517482518 0.6512738853503185 0.053613053613053616 0.04777070063694268
2 0.9201631701631702 0.8606687898089171 0.06177156177156177 0.052547770700636945
1 0.8414918414918415 0.6950636942675159 0.04428904428904429 0.11624203821656051
1 0.6864801864801865 0.08280254777070063 0.07459207459207459 0.1305732484076433
1 0.9667832167832168 0.5995222929936306 0.054778554778554776 0.13535031847133758
