1 0.020396270396270396 0.18152866242038215 0.04079254079254079 0.025477707006369428
1 0.5145687645687645 0.42277070063694266 0.05944055944055944 0.03980891719745223
0 0.1893939393939394 0.7842356687898089 0.026806526806526808 0.06528662420382166
2 0.42365967365967366 0.46576433121019106 0.08741258741258741 0.05573248407643312
2 0.5198135198135199 0.5812101910828026 0.039627039627039624 0.025477707006369428
1 0.9522144522144522 0.31130573248407645 0.04195804195804196 0.12579617834394904
2 0.8065268065268065 0.4004777070063694 0.030303030303030304 0.07165605095541401
1 0.5518648018648019 0.1839171974522293 0.08275058275058275 0.07484076433121019
1 0.09557109557109557 0.042993630573248405 0.08158508158508158 0.06050955414012739
2 0.2872960372960373 0.5963375796178344 0.06177156177156177 0.052547770700636945
