1 0.6130536130536131 0.4171974522292994 0.04195804195804196 0.025477707006369428
1 0.9137529137529138 0.9227707006369427 0.039627039627039624 0.12261146496815287
2 0.24417249417249418 0.6480891719745223 0.038461538461538464 0.08280254777070063
2 0.3315850815850816 0.696656050955414 0.03146853146853147 0.07802547770700637
0 0.5588578088578089 0.7109872611464968 0.0944055944055944 0.06847133757961783
2 0.3618881118881119 0.2611464968152866 0.03146853146853147 0.08917197452229299
2 0.11888111888111888 0.5398089171974523 0.06526806526806526 0.04777070063694268
0 0.8560606060606061 0.10589171974522293 0.054778554778554776 0.11305732484076433
1 0.9079254079254079 0.4434713375796178 0.08158508158508158 0.06210191082802548
1 0.803030303030303 0.25398089171974525 0.08158508158508158 0.06210191082802548
