0 0.15034965034965034 0.8495222929936306 0.08391608391608392 0.07484076433121019
1 0.587995337995338 0.06767515923566879 0.05710955710955711 0.12261146496815287
2 0.3735431235431235 0.8144904458598726 0.09906759906759907 0.06528662420382166
2 0.9586247086247086 0.4394904458598726 0.038461538461538464 0.08598726114649681
1 0.45163170163170163 0.17914012738853502 0.12703962703962704 0.0875796178343949
2 0.6864801864801865 0.49044585987261147 0.06293706293706294 0.054140127388535034
0 0.5495337995337995 0.8328025477707006 0.038461538461538464 0.08598726114649681
0 0.7255244755244755 0.785828025477707 0.0337995337995338 0.08121019108280254
0 0.418997668997669 0.4004777070063694 0.054778554778554776 0.09394904458598727
1 0.2534965034965035 0.5 0.08974358974358974 0.054140127388535034
