1 0.13344988344988346 0.696656050955414 0.05011655011655012 0.03662420382165605
1 0.1258741258741259 0.1464968152866242 0.07692307692307693 0.1337579617834395
2 0.9819347319347319 0.2444267515923567 0.0337995337995338 0.07802547770700637
1 0.921911421911422 0.5883757961783439 0.023310023310023312 0.06847133757961783
0 0.21503496503496503 0.5159235668789809 0.0337995337995338 0.07961783439490445
1 0.9498834498834499 0.8009554140127388 0.05827505827505827 0.03503184713375796
1 0.48426573426573427 0.7714968152866242 0.03146853146853147 0.09076433121019108
1 0.8939393939393939 0.18550955414012738 0.039627039627039624 0.02388535031847134
1 0.8956876456876457 0.37977707006369427 0.1317016317016317 0.09076433121019108
2 0.6217948717948718 0.8558917197452229 0.038461538461538464 0.08439490445859872
