1 0.5472027972027972 0.09792993630573249 0.05944055944055944 0.1321656050955414
1 0.4172494172494173 0.16401273885350318 0.06993006993006994 0.07006369426751592
0 0.5198135198135199 0.26512738853503187 0.03263403263403263 0.06847133757961783
1 0.15442890442890442 0.3885350318471338 0.05944055944055944 0.03821656050955414
0 0.6351981351981352 0.5071656050955414 0.037296037296037296 0.08439490445859872
1 0.7208624708624709 0.2157643312101911 0.019813519813519812 0.05573248407643312
1 0.4364801864801865 0.8598726114649682 0.045454545454545456 0.1305732484076433
2 0.07692307692307693 0.4148089171974522 0.030303030303030304 0.07165605095541401
2 0.8962703962703963 0.1520700636942675 0.02564102564102564 0.08121019108280254
0 0.9073426573426573 0.022292993630573247 0.05244755244755245 0.044585987261146494
