2 0.546037296037296 0.10907643312101911 0.05244755244755245 0.03980891719745223
2 0.9236596736596736 0.7133757961783439 0.05244755244755245 0.041401273885350316
2 0.6433566433566433 0.357484076433121 0.02097902097902098 0.06210191082802548
1 0.07517482517482517 0.8861464968152867 0.08508158508158509 0.0589171974522293
1 0.9481351981351981 0.24601910828025478 0.05944055944055944 0.1321656050955414
0 0.2301864801864802 0.7714968152866242 0.08508158508158509 0.07484076433121019
1 0.5891608391608392 0.2730891719745223 0.05944055944055944 0.03980891719745223
1 0.3304195804195804 0.9227707006369427 0.026806526806526808 0.08439490445859872
1 0.3886946386946387 0.29378980891719747 0.13403263403263405 0.0875796178343949
1 0.14219114219114218 0.339171974522293 0.09090909090909091 0.05732484076433121
