1 0.7913752913752914 0.23168789808917198 0.05827505827505827 0.03662420382165605
1 0.2062937062937063 0.9593949044585988 0.046620046620046623 0.030254777070063694
1 0.34557109557109555 0.6823248407643312 0.05944055944055944 0.1321656050955414
1 0.20454545454545456 0.10429936305732485 0.05944055944055944 0.1321656050955414
1 0.5198135198135199 0.5214968152866242 0.08158508158508158 0.06210191082802548
1 0.8490675990675991 0.09713375796178345 0.045454545454545456 0.1305732484076433
0 0.743006993006993 0.3375796178343949 0.10372960372960373 0.11146496815286625
2 0.8205128205128205 0.3176751592356688 0.02564102564102564 0.08121019108280254
1 0.27972027972027974 0.6616242038216561 0.053613053613053616 0.03662420382165605
0 0.8805361305361306 0.3869426751592357 0.05244755244755245 0.041401273885350316
