1 0.08333333333333333 0.9578025477707006 0.0944055944055944 0.0589171974522293
1 0.04020979020979021 0.24522292993630573 0.05944055944055944 0.03821656050955414
2 0.5472027972027972 0.9530254777070064 0.03146853146853147 0.020700636942675158
0 0.2511655011655012 0.06847133757961783 0.038461538461538464 0.03184713375796178
1 0.4988344988344988 0.7906050955414012 0.018648018648018648 0.05573248407643312
2 0.4562937062937063 0.14729299363057324 0.022144522144522144 0.07165605095541401
0 0.9557109557109557 0.660828025477707 0.053613053613053616 0.04777070063694268
1 0.8805361305361306 0.1695859872611465 0.05944055944055944 0.1321656050955414
1 0.44638694638694637 0.6202229299363057 0.08158508158508158 0.06210191082802548
2 0.8671328671328671 0.482484076433121 0.05128205128205128 0.041401273885350316
