1 0.34673659673659674 0.6027070063694268 0.015151515151515152 0.03343949044585987
1 0.022727272727272728 0.37898089171974525 0.0337995337995338 0.050955414012738856
0 0.05419580419580419 0.12261146496815287 0.10839160839160839 0.18789808917197454
1 0.8344988344988346 0.5501592356687898 0.06526806526806526 0.03980891719745223
1 0.3782051282051282 0.2945859872611465 0.06876456876456877 0.054140127388535034
2 0.877039627039627 0.2515923566878981 0.05244755244755245 0.041401273885350316
1 0.7406759906759907 0.5294585987261147 0.05944055944055944 0.1321656050955414
0 0.5541958041958042 0.25238853503184716 0.0337995337995338 0.08121019108280254
1 0.30128205128205127 0.22372611464968153 0.06643356643356643 0.17993630573248406
2 0.671911421911422 0.34076433121019106 0.038461538461538464 0.08280254777070063
