1 0.18473193473193472 0.8296178343949044 0.05944055944055944 0.050955414012738856
1 0.14685314685314685 0.7014331210191083 0.09557109557109557 0.06210191082802548
1 0.916083916083916 0.38136942675159236 0.0675990675990676 0.06528662420382166
1 0.7336829836829837 0.695859872611465 0.05944055944055944 0.1305732484076433
1 0.7086247086247086 0.06528662420382166 0.08158508158508158 0.06050955414012739
0 0.7313519813519813 0.5676751592356688 0.03613053613053613 0.07484076433121019
1 0.5378787878787878 0.11942675159235669 0.09207459207459208 0.05732484076433121
0 0.7196969696969697 0.9259554140127388 0.054778554778554776 0.11305732484076433
0 0.291958041958042 0.2603503184713376 0.08275058275058275 0.07484076433121019
1 0.11072261072261072 0.7890127388535032 0.018648018648018648 0.04617834394904458
