1 0.9353146853146853 0.2340764331210191 0.05944055944055944 0.041401273885350316
1 0.8951048951048951 0.5119426751592356 0.04895104895104895 0.12579617834394904
2 0.9586247086247086 0.022292993630573247 0.05011655011655012 0.03821656050955414
2 0.8508158508158508 0.6186305732484076 0.07925407925407925 0.052547770700636945
1 0.30186480186480186 0.8423566878980892 0.06293706293706294 0.04777070063694268
1 0.34557109557109555 0.7285031847133758 0.04312354312354312 0.12261146496815287
2 0.30885780885780884 0.285828025477707 0.0675990675990676 0.15445859872611464
1 0.2698135198135198 0.7078025477707006 0.04079254079254079 0.02388535031847134
1 0.6421911421911422 0.8542993630573248 0.04428904428904429 0.08121019108280254
1 0.6526806526806527 0.37101910828025475 0.03263403263403263 0.08917197452229299
