0 0.8135198135198135 0.37022292993630573 0.09090909090909091 0.18312101910828024
2 0.11305361305361306 0.4179936305732484 0.02564102564102564 0.07165605095541401
1 0.4178321678321678 0.15684713375796178 0.03613053613053613 0.02388535031847134
1 0.6235431235431236 0.16560509554140126 0.016317016317016316 0.050955414012738856
1 0.9440559440559441 0.3463375796178344 0.05128205128205128 0.04617834394904458
1 0.7482517482517482 0.9299363057324841 0.06993006993006994 0.06369426751592357
0 0.9341491841491841 0.09076433121019108 0.06876456876456877 0.06369426751592357
2 0.9533799533799534 0.267515923566879 0.053613053613053616 0.044585987261146494
1 0.11655011655011654 0.8097133757961783 0.04195804195804196 0.12261146496815287
1 0.1649184149184149 0.12898089171974522 0.04312354312354312 0.07961783439490445
