2 0.45163170163170163 0.3503184713375796 0.038461538461538464 0.08280254777070063
1 0.7226107226107226 0.21735668789808918 0.046620046620046623 0.0875796178343949
0 0.87004662004662 0.1823248407643312 0.06177156177156177 0.12898089171974522
1 0.041375291375291376 0.037420382165605094 0.05710955710955711 0.052547770700636945
1 0.532051282051282 0.3821656050955414 0.04079254079254079 0.025477707006369428
1 0.40559440559440557 0.2921974522292994 0.030303030303030304 0.08121019108280254
0 0.3502331002331002 0.6528662420382165 0.07342657342657342 0.05732484076433121
1 0.6346153846153846 0.32404458598726116 0.14335664335664336 0.11942675159235669
1 0.8141025641025641 0.09554140127388536 0.045454545454545456 0.11146496815286625
2 0.752913752913753 0.8160828025477707 0.027972027972027972 0.06847133757961783
