1 0.548951048951049 0.3105095541401274 0.039627039627039624 0.025477707006369428
1 0.412004662004662 0.0963375796178344 0.08275058275058275 0.07484076433121019
1 0.19813519813519814 0.10987261146496816 0.037296037296037296 0.04777070063694268
1 0.7843822843822844 0.9052547770700637 0.08158508158508158 0.06210191082802548
0 0.4574592074592075 0.8296178343949044 0.05244755244755245 0.044585987261146494
1 0.8851981351981352 0.3144904458598726 0.05710955710955711 0.03662420382165605
0 0.8811188811188811 0.4442675159235669 0.03496503496503497 0.07006369426751592
2 0.6013986013986014 0.5668789808917197 0.018648018648018648 0.050955414012738856
1 0.6963869463869464 0.20063694267515925 0.13403263403263405 0.09554140127388536
0 0.05011655011655012 0.9522292993630573 0.023310023310023312 0.050955414012738856
