1 0.8531468531468531 0.13136942675159236 0.06293706293706294 0.052547770700636945
0 0.5332167832167832 0.15445859872611464 0.04079254079254079 0.07961783439490445
2 0.13403263403263405 0.7173566878980892 0.037296037296037296 0.08439490445859872
1 0.3782051282051282 0.9092356687898089 0.045454545454545456 0.11146496815286625
1 0.45454545454545453 0.6058917197452229 0.06993006993006994 0.05573248407643312
1 0.5897435897435898 0.964968152866242 0.08158508158508158 0.06050955414012739
1 0.03671328671328671 0.8638535031847133 0.0641025641025641 0.04936305732484077
2 0.6794871794871795 0.4164012738853503 0.039627039627039624 0.08121019108280254
1 0.013403263403263404 0.964171974522293 0.017482517482517484 0.052547770700636945
1 0.5518648018648019 0.4140127388535032 0.017482517482517484 0.050955414012738856
