1 0.6480186480186481 0.7133757961783439 0.06993006993006994 0.07006369426751592
1 0.4184149184149184 0.28105095541401276 0.016317016317016316 0.052547770700636945
1 0.11421911421911422 0.4737261146496815 0.08158508158508158 0.06210191082802548
1 0.07284382284382285 0.7492038216560509 0.07109557109557109 0.04617834394904458
0 0.28146853146853146 0.1321656050955414 0.05011655011655012 0.03821656050955414
1 0.11305361305361306 0.285828025477707 0.04428904428904429 0.11624203821656051
0 0.6614219114219114 0.927547770700637 0.0944055944055944 0.09076433121019108
1 0.6724941724941725 0.23168789808917198 0.08158508158508158 0.06210191082802548
0 0.35955710955710957 0.731687898089172 0.06177156177156177 0.052547770700636945
1 0.45046620046620045 0.8479299363057324 0.13636363636363635 0.09394904458598727
