1 0.9731934731934732 0.2961783439490446 0.037296037296037296 0.022292993630573247
1 0.722027972027972 0.4681528662420382 0.017482517482517484 0.050955414012738856
1 0.837995337995338 0.3089171974522293 0.05827505827505827 0.03503184713375796
2 0.4557109557109557 0.677547770700637 0.027972027972027972 0.06847133757961783
0 0.87995337995338 0.058121019108280256 0.09324009324009325 0.0875796178343949
1 0.8362470862470862 0.6242038216560509 0.13636363636363635 0.08917197452229299
1 0.8933566433566433 0.9171974522292994 0.05944055944055944 0.1305732484076433
2 0.15034965034965034 0.2643312101910828 0.0675990675990676 0.044585987261146494
1 0.7255244755244755 0.3519108280254777 0.04312354312354312 0.11464968152866242
1 0.31993006993006995 0.5222929936305732 0.017482517482517484 0.054140127388535034
