2 0.666083916083916 0.5517515923566879 0.029137529137529136 0.07802547770700637
2 0.4970862470862471 0.06130573248407643 0.038461538461538464 0.08439490445859872
0 0.023892773892773892 0.4036624203821656 0.026806526806526808 0.06528662420382166
1 0.07284382284382285 0.8280254777070064 0.05944055944055944 0.1305732484076433
1 0.9574592074592074 0.21337579617834396 0.05944055944055944 0.1305732484076433
2 0.7418414918414918 0.3447452229299363 0.038461538461538464 0.08439490445859872
2 0.8385780885780886 0.13455414012738853 0.038461538461538464 0.08439490445859872
2 0.16724941724941725 0.7420382165605095 0.06876456876456877 0.044585987261146494
1 0.3682983682983683 0.8447452229299363 0.08158508158508158 0.06210191082802548
2 0.9632867132867133 0.570859872611465 0.038461538461538464 0.10668789808917198
