1 0.12179487179487179 0.44187898089171973 0.054778554778554776 0.11305732484076433
2 0.8111888111888111 0.4148089171974522 0.027972027972027972 0.06847133757961783
0 0.958041958041958 0.8550955414012739 0.030303030303030304 0.06369426751592357
1 0.6532634032634033 0.5191082802547771 0.08974358974358974 0.054140127388535034
1 0.30186480186480186 0.31687898089171973 0.055944055944055944 0.03184713375796178
1 0.7517482517482518 0.0963375796178344 0.06526806526806526 0.03980891719745223
1 0.18473193473193472 0.9355095541401274 0.029137529137529136 0.0875796178343949
0 0.9224941724941725 0.8113057324840764 0.038461538461538464 0.07484076433121019
1 0.9283216783216783 0.10270700636942676 0.08741258741258741 0.0589171974522293
1 0.3315850815850816 0.6035031847133758 0.05944055944055944 0.1305732484076433
