1 0.6142191142191142 0.7914012738853503 0.023310023310023312 0.06687898089171974
1 0.8665501165501166 0.12261146496815287 0.09207459207459208 0.05732484076433121
2 0.7424242424242424 0.7579617834394905 0.02564102564102564 0.07006369426751592
1 0.9388111888111889 0.7547770700636943 0.029137529137529136 0.09554140127388536
1 0.8805361305361306 0.3980891719745223 0.05011655011655012 0.1337579617834395
1 0.6287878787878788 0.06528662420382166 0.0337995337995338 0.09235668789808917
1 0.539044289044289 0.48009554140127386 0.05944055944055944 0.1321656050955414
0 0.634032634032634 0.5843949044585988 0.053613053613053616 0.04777070063694268
1 0.24125874125874125 0.679140127388535 0.04195804195804196 0.030254777070063694
1 0.20279720279720279 0.3734076433121019 0.04428904428904429 0.12579617834394904
