2 0.8467365967365967 0.13296178343949044 0.026806526806526808 0.08439490445859872
2 0.7086247086247086 0.9506369426751592 0.02564102564102564 0.08280254777070063
1 0.7156177156177156 0.26990445859872614 0.013986013986013986 0.02388535031847134
2 0.3682983682983683 0.22770700636942676 0.023310023310023312 0.06687898089171974
1 0.08100233100233101 0.839171974522293 0.08741258741258741 0.07006369426751592
1 0.7954545454545454 0.6321656050955414 0.03146853146853147 0.08280254777070063
1 0.42715617715617715 0.6146496815286624 0.10839160839160839 0.18789808917197454
2 0.2406759906759907 0.1695859872611465 0.022144522144522144 0.06528662420382166
1 0.12004662004662005 0.11226114649681529 0.04895104895104895 0.042993630573248405
1 0.7517482517482518 0.2778662420382166 0.039627039627039624 0.02388535031847134
