1 0.47202797202797203 0.16878980891719744 0.02564102564102564 0.07006369426751592
0 0.6579254079254079 0.2762738853503185 0.08275058275058275 0.07484076433121019
1 0.44755244755244755 0.6226114649681529 0.08158508158508158 0.06050955414012739
1 0.6684149184149184 0.6886942675159236 0.029137529137529136 0.08121019108280254
2 0.736013986013986 0.9657643312101911 0.05944055944055944 0.052547770700636945
1 0.1486013986013986 0.2802547770700637 0.05944055944055944 0.1305732484076433
2 0.21794871794871795 0.320859872611465 0.06060606060606061 0.052547770700636945
1 0.9044289044289044 0.9052547770700637 0.018648018648018648 0.04936305732484077
0 0.38403263403263405 0.13455414012738853 0.054778554778554776 0.11305732484076433
0 0.4219114219114219 0.8837579617834395 0.053613053613053616 0.04777070063694268
