1 0.9131701631701632 0.25079617834394907 0.06177156177156177 0.12898089171974522
0 0.5705128205128205 0.7173566878980892 0.03146853146853147 0.07165605095541401
1 0.38636363636363635 0.044585987261146494 0.08974358974358974 0.054140127388535034
0 0.6258741258741258 0.5039808917197452 0.06293706293706294 0.052547770700636945
1 0.782051282051282 0.9068471337579618 0.027972027972027972 0.07802547770700637
1 0.3811188811188811 0.34076433121019106 0.05827505827505827 0.03821656050955414
2 0.3006993006993007 0.09872611464968153 0.08158508158508158 0.054140127388535034
1 0.1893939393939394 0.2906050955414013 0.06643356643356643 0.0589171974522293
2 0.7191142191142191 0.7404458598726115 0.03263403263403263 0.08280254777070063
0 0.2937062937062937 0.3479299363057325 0.03263403263403263 0.07802547770700637
