1 0.5378787878787878 0.22531847133757962 0.08275058275058275 0.06210191082802548
0 0.44871794871794873 0.4068471337579618 0.06293706293706294 0.052547770700636945
2 0.458041958041958 0.29538216560509556 0.027972027972027972 0.06847133757961783
0 0.7872960372960373 0.8829617834394905 0.08275058275058275 0.07484076433121019
1 0.06876456876456877 0.0963375796178344 0.08158508158508158 0.06210191082802548
1 0.30128205128205127 0.5557324840764332 0.017482517482517484 0.050955414012738856
1 0.5751748251748252 0.6687898089171974 0.08974358974358974 0.054140127388535034
1 0.1853146853146853 0.1480891719745223 0.03496503496503497 0.022292993630573247
0 0.7843822843822844 0.75 0.055944055944055944 0.08917197452229299
2 0.18822843822843824 0.38455414012738853 0.038461538461538464 0.08439490445859872
