1 0.5518648018648019 0.7420382165605095 0.05011655011655012 0.03821656050955414
0 0.44871794871794873 0.3487261146496815 0.03263403263403263 0.07006369426751592
0 0.24592074592074592 0.5732484076433121 0.053613053613053616 0.044585987261146494
1 0.08041958041958042 0.731687898089172 0.06526806526806526 0.042993630573248405
1 0.6392773892773893 0.535828025477707 0.04312354312354312 0.12261146496815287
1 0.3041958041958042 0.357484076433121 0.08158508158508158 0.06210191082802548
1 0.627039627039627 0.6480891719745223 0.027972027972027972 0.07961783439490445
2 0.782051282051282 0.6042993630573248 0.027972027972027972 0.06847133757961783
0 0.29603729603729606 0.8367834394904459 0.06526806526806526 0.12898089171974522
1 0.5396270396270396 0.28105095541401276 0.04428904428904429 0.11942675159235669
