0 0.7331002331002331 0.5660828025477707 0.08857808857808858 0.07802547770700637
2 0.4219114219114219 0.9036624203821656 0.030303030303030304 0.07165605095541401
1 0.2803030303030303 0.4267515923566879 0.03146853146853147 0.08280254777070063
0 0.6078088578088578 0.15684713375796178 0.029137529137529136 0.06210191082802548
0 0.5168997668997669 0.4323248407643312 0.03613053613053613 0.06528662420382166
1 0.9708624708624709 0.6616242038216561 0.04428904428904429 0.12579617834394904
2 0.745920745920746 0.7778662420382165 0.037296037296037296 0.08439490445859872
2 0.5174825174825175 0.625 0.027972027972027972 0.06847133757961783
0 0.20862470862470864 0.5597133757961783 0.06993006993006994 0.06210191082802548
1 0.6322843822843823 0.4052547770700637 0.05944055944055944 0.04936305732484077
