0 0.32400932400932403 0.7746815286624203 0.06293706293706294 0.052547770700636945
1 0.15093240093240093 0.5676751592356688 0.06643356643356643 0.06847133757961783
0 0.7325174825174825 0.7245222929936306 0.06177156177156177 0.054140127388535034
0 0.7249417249417249 0.27388535031847133 0.053613053613053616 0.04777070063694268
2 0.8712121212121212 0.4785031847133758 0.054778554778554776 0.11305732484076433
1 0.18006993006993008 0.32722929936305734 0.05944055944055944 0.1321656050955414
1 0.44638694638694637 0.43869426751592355 0.07226107226107226 0.06528662420382166
1 0.6882284382284383 0.5294585987261147 0.09207459207459208 0.07802547770700637
0 0.30011655011655014 0.535828025477707 0.09906759906759907 0.08121019108280254
0 0.7400932400932401 0.3781847133757962 0.03496503496503497 0.06847133757961783
