1 0.9597902097902098 0.8877388535031847 0.038461538461538464 0.02388535031847134
2 0.49242424242424243 0.1823248407643312 0.0944055944055944 0.0589171974522293
1 0.30594405594405594 0.5684713375796179 0.03146853146853147 0.08280254777070063
1 0.8834498834498834 0.5342356687898089 0.08158508158508158 0.05573248407643312
2 0.3986013986013986 0.9514331210191083 0.023310023310023312 0.06847133757961783
1 0.7896270396270396 0.24044585987261147 0.03613053613053613 0.08598726114649681
0 0.594988344988345 0.8535031847133758 0.029137529137529136 0.06369426751592357
1 0.19172494172494173 0.820859872611465 0.09207459207459208 0.06528662420382166
2 0.12937062937062938 0.7977707006369427 0.023310023310023312 0.06687898089171974
2 0.8910256410256411 0.39888535031847133 0.05710955710955711 0.04617834394904458
