1 0.3712121212121212 0.07961783439490445 0.04312354312354312 0.08598726114649681
1 0.6573426573426573 0.9307324840764332 0.04428904428904429 0.1321656050955414
1 0.6427738927738927 0.607484076433121 0.09906759906759907 0.0589171974522293
2 0.40093240093240096 0.5947452229299363 0.02097902097902098 0.06210191082802548
0 0.10897435897435898 0.14570063694267515 0.0337995337995338 0.08121019108280254
2 0.06818181818181818 0.6855095541401274 0.038461538461538464 0.08439490445859872
2 0.4796037296037296 0.1998407643312102 0.05710955710955711 0.03662420382165605
0 0.34673659673659674 0.36703821656050956 0.038461538461538464 0.08439490445859872
1 0.43356643356643354 0.804140127388535 0.055944055944055944 0.054140127388535034
1 0.10314685314685315 0.3065286624203822 0.08275058275058275 0.07484076433121019
