1 0.3712121212121212 0.7945859872611465 0.03146853146853147 0.09554140127388536
0 0.8723776223776224 0.8662420382165605 0.05710955710955711 0.044585987261146494
2 0.12878787878787878 0.13614649681528662 0.038461538461538464 0.10668789808917198
2 0.6509324009324009 0.28105095541401276 0.0337995337995338 0.07802547770700637
1 0.039627039627039624 0.4012738853503185 0.06993006993006994 0.1942675159235669
0 0.5815850815850816 0.429140127388535 0.02564102564102564 0.06847133757961783
1 0.31643356643356646 0.2125796178343949 0.1317016317016317 0.09076433121019108
1 0.6748251748251748 0.1942675159235669 0.023310023310023312 0.050955414012738856
0 0.9516317016317016 0.697452229299363 0.045454545454545456 0.10828025477707007
1 0.28146853146853146 0.5939490445859873 0.04079254079254079 0.022292993630573247
