0 0.28496503496503495 0.7189490445859873 0.017482517482517484 0.052547770700636945
2 0.09848484848484848 0.7882165605095541 0.029137529137529136 0.08917197452229299
1 0.0472027972027972 0.607484076433121 0.08041958041958042 0.06210191082802548
1 0.36421911421911424 0.7396496815286624 0.1386946386946387 0.09713375796178345
1 0.23776223776223776 0.3781847133757962 0.08158508158508158 0.06210191082802548
1 0.2872960372960373 0.46735668789808915 0.054778554778554776 0.03343949044585987
1 0.5407925407925408 0.9315286624203821 0.13752913752913754 0.09235668789808917
1 0.8805361305361306 0.2874203821656051 0.05944055944055944 0.1321656050955414
1 0.20046620046620048 0.13455414012738853 0.018648018648018648 0.04936305732484077
1 0.45396270396270394 0.8415605095541401 0.07109557109557109 0.06528662420382166
