1 0.7062937062937062 0.052547770700636945 0.08158508158508158 0.06050955414012739
2 0.16724941724941725 0.7078025477707006 0.029137529137529136 0.07165605095541401
0 0.722027972027972 0.8415605095541401 0.06876456876456877 0.05573248407643312
1 0.47435897435897434 0.17993630573248406 0.08624708624708624 0.06369426751592357
2 0.958041958041958 0.28423566878980894 0.053613053613053616 0.042993630573248405
1 0.05827505827505827 0.49522292993630573 0.05827505827505827 0.03821656050955414
0 0.12762237762237763 0.8256369426751592 0.054778554778554776 0.11305732484076433
0 0.8857808857808858 0.8527070063694268 0.0675990675990676 0.052547770700636945
1 0.47785547785547783 0.8256369426751592 0.039627039627039624 0.02388535031847134
1 0.12703962703962704 0.10668789808917198 0.06993006993006994 0.1942675159235669
