1 0.6899766899766899 0.07722929936305732 0.013986013986013986 0.08121019108280254
1 0.9667832167832168 0.4171974522292994 0.038461538461538464 0.022292993630573247
2 0.5361305361305362 0.6361464968152867 0.02097902097902098 0.06528662420382166
1 0.12121212121212122 0.4179936305732484 0.027972027972027972 0.08121019108280254
1 0.918997668997669 0.5318471337579618 0.08275058275058275 0.18789808917197454
1 0.38403263403263405 0.7826433121019108 0.05944055944055944 0.1321656050955414
2 0.6987179487179487 0.6536624203821656 0.03146853146853147 0.020700636942675158
2 0.42482517482517484 0.6106687898089171 0.05944055944055944 0.052547770700636945
2 0.6037296037296037 0.43471337579617836 0.02097902097902098 0.06050955414012739
2 0.7365967365967366 0.059713375796178345 0.06060606060606061 0.03980891719745223
