1 0.3723776223776224 0.19745222929936307 0.05944055944055944 0.1305732484076433
1 0.8875291375291375 0.2627388535031847 0.0641025641025641 0.041401273885350316
1 0.5005827505827506 0.6329617834394905 0.08275058275058275 0.07484076433121019
1 0.9621212121212122 0.1536624203821656 0.038461538461538464 0.02388535031847134
1 0.11130536130536131 0.9554140127388535 0.08741258741258741 0.07006369426751592
1 0.3275058275058275 0.6871019108280255 0.04195804195804196 0.02388535031847134
1 0.5413752913752914 0.5302547770700637 0.0337995337995338 0.09235668789808917
2 0.6206293706293706 0.6560509554140127 0.06177156177156177 0.050955414012738856
2 0.10198135198135198 0.1664012738853503 0.0337995337995338 0.07802547770700637
2 0.7837995337995338 0.3853503184713376 0.029137529137529136 0.0732484076433121
