2 0.7086247086247086 0.46576433121019106 0.030303030303030304 0.07165605095541401
1 0.5961538461538461 0.7396496815286624 0.05944055944055944 0.1321656050955414
1 0.7511655011655012 0.3320063694267516 0.05944055944055944 0.1321656050955414
1 0.8962703962703963 0.15127388535031847 0.13752913752913754 0.11464968152866242
2 0.48834498834498835 0.29856687898089174 0.07925407925407925 0.04936305732484077
1 0.5384615384615384 0.4267515923566879 0.04428904428904429 0.12738853503184713
1 0.8560606060606061 0.49522292993630573 0.05710955710955711 0.050955414012738856
1 0.042540792540792544 0.06926751592356688 0.029137529137529136 0.08439490445859872
1 0.865967365967366 0.929140127388535 0.04428904428904429 0.12579617834394904
0 0.13111888111888112 0.8009554140127388 0.06876456876456877 0.054140127388535034
