0 0.7377622377622378 0.714968152866242 0.053613053613053616 0.041401273885350316
1 0.7738927738927739 0.802547770700637 0.13752913752913754 0.08917197452229299
1 0.5769230769230769 0.518312101910828 0.08158508158508158 0.0589171974522293
0 0.932983682983683 0.25557324840764334 0.06876456876456877 0.0589171974522293
1 0.5081585081585082 0.7603503184713376 0.08158508158508158 0.06210191082802548
1 0.3543123543123543 0.6385350318471338 0.039627039627039624 0.025477707006369428
1 0.7086247086247086 0.357484076433121 0.046620046620046623 0.12579617834394904
2 0.05944055944055944 0.20939490445859874 0.04195804195804196 0.08439490445859872
1 0.6497668997668997 0.3781847133757962 0.029137529137529136 0.08439490445859872
2 0.04603729603729604 0.5613057324840764 0.026806526806526808 0.08121019108280254
