2 0.09557109557109557 0.04538216560509554 0.037296037296037296 0.08439490445859872
1 0.27797202797202797 0.6170382165605095 0.08974358974358974 0.0589171974522293
1 0.22261072261072262 0.08121019108280254 0.07692307692307693 0.06687898089171974
1 0.7575757575757576 0.3662420382165605 0.046620046620046623 0.1305732484076433
2 0.21386946386946387 0.34156050955414013 0.03613053613053613 0.08439490445859872
1 0.412004662004662 0.7699044585987261 0.05710955710955711 0.04617834394904458
2 0.8065268065268065 0.5804140127388535 0.046620046620046623 0.030254777070063694
1 0.38286713286713286 0.3335987261146497 0.05944055944055944 0.1321656050955414
0 0.16724941724941725 0.6305732484076433 0.10139860139860139 0.08280254777070063
1 0.28613053613053613 0.7722929936305732 0.08741258741258741 0.06369426751592357
