1 0.7581585081585082 0.06289808917197452 0.054778554778554776 0.11305732484076433
0 0.5023310023310024 0.7619426751592356 0.030303030303030304 0.06210191082802548
2 0.432983682983683 0.35589171974522293 0.08275058275058275 0.07484076433121019
2 0.5903263403263403 0.18550955414012738 0.03146853146853147 0.08121019108280254
1 0.4982517482517482 0.9681528662420382 0.0641025641025641 0.03821656050955414
1 0.27913752913752915 0.5804140127388535 0.05944055944055944 0.1321656050955414
1 0.0168997668997669 0.535828025477707 0.03146853146853147 0.09076433121019108
2 0.8945221445221445 0.5055732484076433 0.05944055944055944 0.04617834394904458
1 0.6031468531468531 0.6640127388535032 0.05944055944055944 0.1305732484076433
1 0.7668997668997669 0.8606687898089171 0.09557109557109557 0.18630573248407642
