1 0.9254079254079254 0.46735668789808915 0.1351981351981352 0.0875796178343949
1 0.1655011655011655 0.4434713375796178 0.06060606060606061 0.03662420382165605
1 0.47027972027972026 0.6544585987261147 0.04312354312354312 0.07961783439490445
2 0.7202797202797203 0.9434713375796179 0.030303030303030304 0.020700636942675158
0 0.04020979020979021 0.09713375796178345 0.04079254079254079 0.07961783439490445
0 0.5751748251748252 0.33678343949044587 0.03146853146853147 0.042993630573248405
1 0.3793706293706294 0.41878980891719747 0.05944055944055944 0.1305732484076433
1 0.7668997668997669 0.38296178343949044 0.13986013986013987 0.09394904458598727
1 0.8263403263403264 0.06926751592356688 0.055944055944055944 0.11942675159235669
1 0.8513986013986014 0.9339171974522293 0.05710955710955711 0.03343949044585987
