1 0.6917249417249417 0.5859872611464968 0.09207459207459208 0.10191082802547771
1 0.12296037296037296 0.785031847133758 0.019813519813519812 0.05732484076433121
1 0.9143356643356644 0.2428343949044586 0.05944055944055944 0.1321656050955414
1 0.33624708624708627 0.1409235668789809 0.09673659673659674 0.08121019108280254
1 0.6002331002331003 0.5302547770700637 0.03496503496503497 0.10191082802547771
1 0.5134032634032634 0.2571656050955414 0.03146853146853147 0.08121019108280254
2 0.9848484848484849 0.9657643312101911 0.027972027972027972 0.06847133757961783
2 0.7937062937062938 0.3853503184713376 0.030303030303030304 0.08917197452229299
2 0.3951048951048951 0.5055732484076433 0.02097902097902098 0.06528662420382166
0 0.5186480186480187 0.6671974522292994 0.06993006993006994 0.07006369426751592
