1 0.62995337995338 0.4299363057324841 0.03146853146853147 0.07006369426751592
2 0.35955710955710957 0.7460191082802548 0.038461538461538464 0.07484076433121019
1 0.8747086247086248 0.12022292993630573 0.08741258741258741 0.0589171974522293
0 0.9347319347319347 0.8423566878980892 0.11655011655011654 0.10828025477707007
0 0.18181818181818182 0.2412420382165605 0.046620046620046623 0.0875796178343949
2 0.7132867132867133 0.76671974522293 0.027972027972027972 0.08121019108280254
2 0.30477855477855476 0.26512738853503187 0.0337995337995338 0.07802547770700637
2 0.8152680652680653 0.8718152866242038 0.0337995337995338 0.07802547770700637
0 0.12354312354312354 0.0963375796178344 0.02564102564102564 0.0589171974522293
1 0.17424242424242425 0.8439490445859873 0.029137529137529136 0.08598726114649681
