0 0.49242424242424243 0.3351910828025478 0.08275058275058275 0.07484076433121019
1 0.09731934731934731 0.6090764331210191 0.06643356643356643 0.12898089171974522
1 0.12354312354312354 0.8049363057324841 0.08391608391608392 0.0589171974522293
2 0.460955710955711 0.5995222929936306 0.038461538461538464 0.08121019108280254
1 0.5442890442890443 0.5875796178343949 0.018648018648018648 0.054140127388535034
2 0.4784382284382284 0.75 0.07575757575757576 0.0732484076433121
1 0.4155011655011655 0.39888535031847133 0.05944055944055944 0.1321656050955414
0 0.38461538461538464 0.26512738853503187 0.07226107226107226 0.1321656050955414
1 0.2634032634032634 0.9140127388535032 0.046620046620046623 0.03184713375796178
0 0.4831002331002331 0.08837579617834394 0.03146853146853147 0.06210191082802548
