1 0.40734265734265734 0.43789808917197454 0.06876456876456877 0.041401273885350316
2 0.34498834498834496 0.24761146496815287 0.08158508158508158 0.04617834394904458
2 0.20279720279720279 0.7929936305732485 0.05128205128205128 0.03503184713375796
0 0.8776223776223776 0.3184713375796178 0.06293706293706294 0.054140127388535034
1 0.12995337995337997 0.48009554140127386 0.029137529137529136 0.0875796178343949
2 0.6427738927738927 0.16480891719745222 0.06177156177156177 0.052547770700636945
2 0.7022144522144522 0.8296178343949044 0.05944055944055944 0.054140127388535034
1 0.10606060606060606 0.8893312101910829 0.039627039627039624 0.027070063694267517
1 0.5168997668997669 0.6759554140127388 0.06643356643356643 0.0589171974522293
1 0.38578088578088576 0.5628980891719745 0.07692307692307693 0.052547770700636945
