1 0.18298368298368298 0.4323248407643312 0.09557109557109557 0.08121019108280254
1 0.18240093240093241 0.518312101910828 0.038461538461538464 0.07484076433121019
1 0.9248251748251748 0.7953821656050956 0.017482517482517484 0.05573248407643312
2 0.2715617715617716 0.5039808917197452 0.08158508158508158 0.04617834394904458
2 0.2191142191142191 0.29856687898089174 0.04895104895104895 0.03343949044585987
1 0.7785547785547785 0.2874203821656051 0.08391608391608392 0.07802547770700637
1 0.19114219114219114 0.7762738853503185 0.04195804195804196 0.12261146496815287
0 0.40734265734265734 0.49363057324840764 0.06876456876456877 0.05732484076433121
2 0.5979020979020979 0.42277070063694266 0.030303030303030304 0.07165605095541401
1 0.6789044289044289 0.5581210191082803 0.029137529137529136 0.0875796178343949
