2 0.04836829836829837 0.21178343949044587 0.038461538461538464 0.08280254777070063
1 0.615967365967366 0.2515923566878981 0.026806526806526808 0.07961783439490445
1 0.6672494172494172 0.49203821656050956 0.05944055944055944 0.1305732484076433
1 0.042540792540792544 0.697452229299363 0.06177156177156177 0.054140127388535034
0 0.6247086247086248 0.125 0.05827505827505827 0.11305732484076433
1 0.5151515151515151 0.660031847133758 0.030303030303030304 0.08439490445859872
2 0.3787878787878788 0.12579617834394904 0.030303030303030304 0.08917197452229299
1 0.23776223776223776 0.19506369426751594 0.06993006993006994 0.18312101910828024
2 0.4423076923076923 0.05493630573248408 0.05244755244755245 0.03980891719745223
2 0.18997668997668998 0.046974522292993634 0.08158508158508158 0.052547770700636945
