0 0.6940559440559441 0.6998407643312102 0.05710955710955711 0.052547770700636945
2 0.7383449883449883 0.5103503184713376 0.06177156177156177 0.042993630573248405
0 0.6019813519813519 0.34156050955414013 0.06177156177156177 0.052547770700636945
1 0.4586247086247086 0.44904458598726116 0.06177156177156177 0.050955414012738856
1 0.3269230769230769 0.9004777070063694 0.029137529137529136 0.08439490445859872
1 0.5087412587412588 0.5955414012738853 0.09207459207459208 0.05732484076433121
0 0.7768065268065268 0.125 0.08275058275058275 0.07484076433121019
1 0.3817016317016317 0.7189490445859873 0.015151515151515152 0.03343949044585987
0 0.21503496503496503 0.20382165605095542 0.054778554778554776 0.12101910828025478
1 0.9294871794871795 0.3487261146496815 0.07109557109557109 0.05732484076433121
