1 0.8012820512820513 0.2285031847133758 0.017482517482517484 0.052547770700636945
0 0.701048951048951 0.5772292993630573 0.0337995337995338 0.08121019108280254
0 0.34324009324009325 0.6472929936305732 0.054778554778554776 0.04936305732484077
1 0.018065268065268064 0.6616242038216561 0.03146853146853147 0.06210191082802548
2 0.6182983682983683 0.48009554140127386 0.038461538461538464 0.08439490445859872
1 0.502913752913753 0.5382165605095541 0.05944055944055944 0.03821656050955414
0 0.256993006993007 0.3861464968152866 0.03146853146853147 0.03980891719745223
1 0.7202797202797203 0.1624203821656051 0.039627039627039624 0.025477707006369428
1 0.44755244755244755 0.9482484076433121 0.039627039627039624 0.02388535031847134
0 0.2529137529137529 0.6735668789808917 0.06993006993006994 0.06369426751592357
