1 0.8747086247086248 0.8343949044585988 0.04079254079254079 0.025477707006369428
0 0.7593240093240093 0.7006369426751592 0.024475524475524476 0.06687898089171974
0 0.19172494172494173 0.7643312101910829 0.05011655011655012 0.04777070063694268
1 0.045454545454545456 0.3503184713375796 0.07459207459207459 0.1305732484076433
1 0.782051282051282 0.35668789808917195 0.037296037296037296 0.03184713375796178
0 0.6585081585081585 0.7906050955414012 0.06060606060606061 0.04936305732484077
0 0.9090909090909091 0.3184713375796178 0.030303030303030304 0.06369426751592357
0 0.4621212121212121 0.6703821656050956 0.0337995337995338 0.0732484076433121
2 0.8228438228438228 0.5103503184713376 0.030303030303030304 0.07165605095541401
0 0.432983682983683 0.5238853503184714 0.03613053613053613 0.08598726114649681
