0 0.2972027972027972 0.6584394904458599 0.046620046620046623 0.09394904458598727
1 0.8193473193473193 0.36544585987261147 0.016317016317016316 0.052547770700636945
0 0.8076923076923077 0.1926751592356688 0.0675990675990676 0.08280254777070063
0 0.8298368298368298 0.6703821656050956 0.037296037296037296 0.04777070063694268
1 0.45104895104895104 0.03901273885350318 0.05827505827505827 0.07484076433121019
0 0.11946386946386946 0.8988853503184714 0.05244755244755245 0.03980891719745223
2 0.7703962703962703 0.8009554140127388 0.037296037296037296 0.09872611464968153
1 0.7604895104895105 0.3065286624203822 0.09207459207459208 0.06528662420382166
1 0.4527972027972028 0.16480891719745222 0.09906759906759907 0.09394904458598727
0 0.34498834498834496 0.28821656050955413 0.037296037296037296 0.08598726114649681
