1 0.11946386946386946 0.51671974522293 0.03146853146853147 0.0875796178343949
1 0.2972027972027972 0.1839171974522293 0.016317016317016316 0.04936305732484077
2 0.39335664335664333 0.07245222929936306 0.038461538461538464 0.08439490445859872
2 0.12878787878787878 0.21098726114649682 0.09906759906759907 0.06528662420382166
0 0.4737762237762238 0.7579617834394905 0.06177156177156177 0.050955414012738856
0 0.3706293706293706 0.4984076433121019 0.039627039627039624 0.08280254777070063
2 0.6730769230769231 0.1982484076433121 0.06177156177156177 0.052547770700636945
1 0.62004662004662 0.5135350318471338 0.08158508158508158 0.06210191082802548
1 0.2191142191142191 0.4052547770700637 0.027972027972027972 0.08121019108280254
2 0.4527972027972028 0.5875796178343949 0.029137529137529136 0.08280254777070063
