0 0.07925407925407925 0.8893312101910829 0.030303030303030304 0.07165605095541401
2 0.015734265734265736 0.3375796178343949 0.024475524475524476 0.07643312101910828
0 0.8886946386946387 0.5199044585987261 0.054778554778554776 0.042993630573248405
1 0.6107226107226107 0.7093949044585988 0.08158508158508158 0.06210191082802548
1 0.4219114219114219 0.5191082802547771 0.08158508158508158 0.06050955414012739
0 0.9603729603729604 0.9076433121019108 0.039627039627039624 0.08280254777070063
2 0.32575757575757575 0.2619426751592357 0.038461538461538464 0.09076433121019108
1 0.9213286713286714 0.4498407643312102 0.08275058275058275 0.07484076433121019
1 0.6567599067599068 0.31130573248407645 0.05944055944055944 0.1321656050955414
2 0.2564102564102564 0.9386942675159236 0.02097902097902098 0.06528662420382166
