2 0.1451048951048951 0.8949044585987261 0.024475524475524476 0.07006369426751592
2 0.4201631701631702 0.8829617834394905 0.038461538461538464 0.08439490445859872
1 0.1451048951048951 0.42038216560509556 0.05944055944055944 0.1305732484076433
1 0.42773892773892774 0.677547770700637 0.08158508158508158 0.06210191082802548
1 0.4801864801864802 0.7730891719745223 0.08158508158508158 0.06210191082802548
1 0.045454545454545456 0.1337579617834395 0.02097902097902098 0.06687898089171974
1 0.504079254079254 0.10589171974522293 0.13403263403263405 0.0875796178343949
0 0.13694638694638694 0.05732484076433121 0.03613053613053613 0.08598726114649681
1 0.7045454545454546 0.8527070063694268 0.015151515151515152 0.03343949044585987
1 0.36363636363636365 0.7627388535031847 0.055944055944055944 0.03184713375796178
