1 0.19114219114219114 0.8359872611464968 0.037296037296037296 0.022292993630573247
1 0.1993006993006993 0.35509554140127386 0.016317016317016316 0.050955414012738856
0 0.7756410256410257 0.17595541401273884 0.06177156177156177 0.11305732484076433
2 0.20221445221445222 0.7253184713375797 0.022144522144522144 0.06528662420382166
1 0.3776223776223776 0.7468152866242038 0.055944055944055944 0.03184713375796178
1 0.3822843822843823 0.8678343949044586 0.04428904428904429 0.1305732484076433
2 0.5198135198135199 0.9371019108280255 0.027972027972027972 0.06847133757961783
1 0.6963869463869464 0.18152866242038215 0.017482517482517484 0.054140127388535034
0 0.07459207459207459 0.2778662420382166 0.06293706293706294 0.052547770700636945
1 0.7482517482517482 0.8487261146496815 0.03496503496503497 0.09235668789808917
