1 0.9778554778554779 0.5732484076433121 0.018648018648018648 0.054140127388535034
1 0.5372960372960373 0.5278662420382165 0.09557109557109557 0.08121019108280254
0 0.22435897435897437 0.5995222929936306 0.0337995337995338 0.08121019108280254
1 0.5547785547785548 0.35429936305732485 0.08158508158508158 0.06210191082802548
1 0.9131701631701632 0.2285031847133758 0.05944055944055944 0.1321656050955414
0 0.32342657342657344 0.05493630573248408 0.05710955710955711 0.04617834394904458
1 0.9586247086247086 0.0660828025477707 0.05944055944055944 0.07484076433121019
1 0.7832167832167832 0.7285031847133758 0.04428904428904429 0.12579617834394904
1 0.17016317016317017 0.5780254777070064 0.027972027972027972 0.07961783439490445
2 0.9615384615384616 0.9482484076433121 0.027972027972027972 0.06847133757961783
