1 0.2097902097902098 0.5867834394904459 0.06293706293706294 0.03662420382165605
2 0.26165501165501165 0.8256369426751592 0.06177156177156177 0.052547770700636945
1 0.9446386946386947 0.5453821656050956 0.05944055944055944 0.1321656050955414
2 0.11305361305361306 0.6520700636942676 0.02564102564102564 0.09076433121019108
0 0.16783216783216784 0.35111464968152867 0.06060606060606061 0.04936305732484077
0 0.4959207459207459 0.7285031847133758 0.038461538461538464 0.08439490445859872
1 0.8094405594405595 0.6528662420382165 0.05944055944055944 0.1305732484076433
0 0.2261072261072261 0.6560509554140127 0.03496503496503497 0.0732484076433121
1 0.34673659673659674 0.09315286624203821 0.029137529137529136 0.07802547770700637
1 0.4428904428904429 0.45143312101910826 0.039627039627039624 0.027070063694267517
