0 0.5355477855477856 0.8320063694267515 0.0944055944055944 0.06847133757961783
2 0.7663170163170163 0.8598726114649682 0.045454545454545456 0.1305732484076433
1 0.5553613053613053 0.321656050955414 0.13403263403263405 0.09554140127388536
0 0.5938228438228438 0.7070063694267515 0.08974358974358974 0.07006369426751592
1 0.9265734265734266 0.7945859872611465 0.04428904428904429 0.11464968152866242
2 0.36305361305361306 0.32961783439490444 0.06177156177156177 0.03821656050955414
0 0.4388111888111888 0.7308917197452229 0.05944055944055944 0.050955414012738856
1 0.5961538461538461 0.4307324840764331 0.13403263403263405 0.0875796178343949
1 0.14393939393939395 0.06050955414012739 0.04079254079254079 0.07961783439490445
2 0.7261072261072261 0.19665605095541402 0.030303030303030304 0.07165605095541401
