1 0.09032634032634032 0.6035031847133758 0.08974358974358974 0.06050955414012739
1 0.9277389277389277 0.2070063694267516 0.03496503496503497 0.09235668789808917
2 0.7266899766899767 0.48089171974522293 0.029137529137529136 0.08280254777070063
2 0.835081585081585 0.6616242038216561 0.038461538461538464 0.08121019108280254
2 0.2762237762237762 0.052547770700636945 0.08158508158508158 0.050955414012738856
2 0.7855477855477856 0.1409235668789809 0.027972027972027972 0.06847133757961783
1 0.5914918414918415 0.9251592356687898 0.05944055944055944 0.1305732484076433
0 0.42599067599067597 0.304140127388535 0.06177156177156177 0.050955414012738856
1 0.8747086247086248 0.4140127388535032 0.04079254079254079 0.025477707006369428
1 0.7663170163170163 0.3184713375796178 0.09906759906759907 0.08917197452229299
