1 0.1148018648018648 0.6449044585987261 0.05944055944055944 0.1305732484076433
1 0.701048951048951 0.6480891719745223 0.047785547785547784 0.11146496815286625
1 0.32226107226107226 0.4593949044585987 0.09673659673659674 0.08121019108280254
0 0.8886946386946387 0.39410828025477707 0.06876456876456877 0.0589171974522293
2 0.36072261072261075 0.6727707006369427 0.05944055944055944 0.052547770700636945
0 0.7668997668997669 0.3734076433121019 0.05128205128205128 0.04617834394904458
1 0.3991841491841492 0.410828025477707 0.029137529137529136 0.06369426751592357
2 0.953962703962704 0.3622611464968153 0.038461538461538464 0.08439490445859872
0 0.6247086247086248 0.7730891719745223 0.05128205128205128 0.04617834394904458
0 0.7692307692307693 0.8503184713375797 0.0675990675990676 0.04777070063694268
