1 0.13053613053613053 0.2285031847133758 0.09324009324009325 0.0875796178343949
1 0.8525641025641025 0.4164012738853503 0.06643356643356643 0.12898089171974522
1 0.6054778554778555 0.9482484076433121 0.09207459207459208 0.06528662420382166
0 0.3333333333333333 0.8972929936305732 0.05827505827505827 0.07484076433121019
0 0.27214452214452217 0.3861464968152866 0.03146853146853147 0.06210191082802548
1 0.7884615384615384 0.821656050955414 0.0944055944055944 0.05732484076433121
1 0.06526806526806526 0.4028662420382166 0.06993006993006994 0.12738853503184713
1 0.8012820512820513 0.48328025477707004 0.029137529137529136 0.09076433121019108
1 0.6538461538461539 0.10748407643312102 0.027972027972027972 0.07802547770700637
0 0.703962703962704 0.8343949044585988 0.06993006993006994 0.07006369426751592
