1 0.7027972027972028 0.5007961783439491 0.027972027972027972 0.08121019108280254
1 0.7564102564102564 0.9084394904458599 0.09557109557109557 0.07802547770700637
0 0.2703962703962704 0.20621019108280256 0.030303030303030304 0.042993630573248405
1 0.38461538461538464 0.28264331210191085 0.06060606060606061 0.06528662420382166
0 0.8811188811188811 0.7523885350318471 0.046620046620046623 0.09394904458598727
1 0.5745920745920746 0.7396496815286624 0.08158508158508158 0.06210191082802548
1 0.5355477855477856 0.9132165605095541 0.05944055944055944 0.1321656050955414
2 0.31002331002331 0.13535031847133758 0.05827505827505827 0.041401273885350316
1 0.6369463869463869 0.8901273885350318 0.03146853146853147 0.09235668789808917
1 0.20163170163170163 0.7181528662420382 0.037296037296037296 0.07643312101910828
