1 0.3811188811188811 0.8017515923566879 0.04428904428904429 0.08121019108280254
1 0.791958041958042 0.9195859872611465 0.054778554778554776 0.11305732484076433
1 0.3339160839160839 0.7356687898089171 0.04079254079254079 0.07961783439490445
2 0.9341491841491841 0.5278662420382165 0.038461538461538464 0.09076433121019108
2 0.8706293706293706 0.5883757961783439 0.07925407925407925 0.052547770700636945
2 0.7278554778554779 0.11544585987261147 0.05710955710955711 0.04617834394904458
1 0.5798368298368298 0.6035031847133758 0.03613053613053613 0.022292993630573247
0 0.30128205128205127 0.6401273885350318 0.07109557109557109 0.05732484076433121
1 0.3927738927738928 0.5812101910828026 0.08158508158508158 0.06050955414012739
1 0.634032634032634 0.5007961783439491 0.07226107226107226 0.1767515923566879
