1 0.8933566433566433 0.8256369426751592 0.0944055944055944 0.0589171974522293
1 0.18706293706293706 0.36942675159235666 0.07575757575757576 0.054140127388535034
2 0.11771561771561771 0.5796178343949044 0.05827505827505827 0.041401273885350316
1 0.5448717948717948 0.33996815286624205 0.05944055944055944 0.1321656050955414
1 0.756993006993007 0.6656050955414012 0.05011655011655012 0.03821656050955414
1 0.3076923076923077 0.5597133757961783 0.04428904428904429 0.12261146496815287
1 0.8735431235431236 0.4785031847133758 0.06643356643356643 0.1735668789808917
1 0.3339160839160839 0.7356687898089171 0.038461538461538464 0.022292993630573247
1 0.23717948717948717 0.2611464968152866 0.05944055944055944 0.1305732484076433
1 0.2301864801864802 0.7046178343949044 0.05710955710955711 0.052547770700636945
