1 0.8409090909090909 0.2762738853503185 0.05944055944055944 0.1321656050955414
2 0.9423076923076923 0.64171974522293 0.03146853146853147 0.08280254777070063
1 0.6987179487179487 0.42436305732484075 0.029137529137529136 0.09076433121019108
2 0.5932400932400932 0.5772292993630573 0.02564102564102564 0.07165605095541401
1 0.8618881118881119 0.13614649681528662 0.05944055944055944 0.1321656050955414
0 0.6171328671328671 0.839171974522293 0.038461538461538464 0.08598726114649681
0 0.09498834498834499 0.5851910828025477 0.09906759906759907 0.07802547770700637
1 0.8735431235431236 0.6687898089171974 0.05944055944055944 0.1305732484076433
1 0.3275058275058275 0.464171974522293 0.039627039627039624 0.10031847133757962
1 0.229020979020979 0.28105095541401276 0.029137529137529136 0.08439490445859872
