0 0.7103729603729604 0.4036624203821656 0.08508158508158509 0.0875796178343949
1 0.4597902097902098 0.5660828025477707 0.08275058275058275 0.07484076433121019
1 0.9166666666666666 0.518312101910828 0.04079254079254079 0.12261146496815287
0 0.32051282051282054 0.20461783439490447 0.06993006993006994 0.06210191082802548
0 0.3152680652680653 0.29777070063694266 0.024475524475524476 0.06687898089171974
0 0.7255244755244755 0.964171974522293 0.07109557109557109 0.06210191082802548
0 0.2931235431235431 0.4315286624203822 0.06876456876456877 0.04777070063694268
2 0.47027972027972026 0.19187898089171976 0.03146853146853147 0.06210191082802548
1 0.8875291375291375 0.7412420382165605 0.05944055944055944 0.1321656050955414
0 0.8106060606060606 0.4864649681528662 0.06876456876456877 0.06210191082802548
