1 0.9265734265734266 0.6146496815286624 0.08158508158508158 0.06050955414012739
1 0.8222610722610723 0.6536624203821656 0.06643356643356643 0.06528662420382166
2 0.6258741258741258 0.3861464968152866 0.03496503496503497 0.09713375796178345
1 0.493006993006993 0.981687898089172 0.053613053613053616 0.03662420382165605
0 0.3572261072261072 0.8734076433121019 0.054778554778554776 0.11305732484076433
0 0.6736596736596736 0.9546178343949044 0.053613053613053616 0.04936305732484077
0 0.3618881118881119 0.5613057324840764 0.038461538461538464 0.07484076433121019
1 0.42132867132867136 0.8495222929936306 0.05944055944055944 0.03662420382165605
0 0.745920745920746 0.13296178343949044 0.027972027972027972 0.0589171974522293
1 0.4627039627039627 0.8455414012738853 0.018648018648018648 0.054140127388535034
