0 0.6748251748251748 0.7412420382165605 0.027972027972027972 0.06847133757961783
2 0.2902097902097902 0.43312101910828027 0.06993006993006994 0.041401273885350316
1 0.10547785547785547 0.7937898089171974 0.054778554778554776 0.03343949044585987
1 0.9527972027972028 0.11226114649681529 0.019813519813519812 0.05573248407643312
2 0.504079254079254 0.5820063694267515 0.06177156177156177 0.052547770700636945
0 0.5909090909090909 0.785031847133758 0.06993006993006994 0.07006369426751592
0 0.28088578088578087 0.6616242038216561 0.04428904428904429 0.08121019108280254
1 0.04312354312354312 0.5230891719745223 0.016317016317016316 0.052547770700636945
1 0.8851981351981352 0.285828025477707 0.05944055944055944 0.1321656050955414
1 0.19172494172494173 0.19506369426751594 0.054778554778554776 0.11305732484076433
