2 0.6410256410256411 0.803343949044586 0.027972027972027972 0.07484076433121019
1 0.12995337995337997 0.3535031847133758 0.13403263403263405 0.09554140127388536
1 0.7313519813519813 0.7165605095541401 0.05011655011655012 0.04777070063694268
1 0.6858974358974359 0.9339171974522293 0.08508158508158509 0.0875796178343949
0 0.7045454545454546 0.5342356687898089 0.07575757575757576 0.04617834394904458
2 0.3712121212121212 0.6918789808917197 0.054778554778554776 0.11305732484076433
1 0.9166666666666666 0.4609872611464968 0.054778554778554776 0.03343949044585987
1 0.5606060606060606 0.17914012738853502 0.030303030303030304 0.08121019108280254
1 0.8286713286713286 0.6863057324840764 0.05827505827505827 0.03821656050955414
1 0.23251748251748253 0.38296178343949044 0.05944055944055944 0.1321656050955414
