0 0.8327505827505828 0.7993630573248408 0.06876456876456877 0.06369426751592357
1 0.7826340326340326 0.17117834394904458 0.05944055944055944 0.1321656050955414
1 0.7686480186480187 0.8304140127388535 0.054778554778554776 0.11305732484076433
1 0.4959207459207459 0.45302547770700635 0.05944055944055944 0.1321656050955414
1 0.16317016317016317 0.8638535031847133 0.030303030303030304 0.06210191082802548
1 0.4219114219114219 0.3160828025477707 0.09090909090909091 0.07802547770700637
1 0.9883449883449883 0.3861464968152866 0.02097902097902098 0.0589171974522293
1 0.5238927738927739 0.8837579617834395 0.017482517482517484 0.054140127388535034
2 0.6905594405594405 0.8256369426751592 0.026806526806526808 0.08439490445859872
2 0.9009324009324009 0.51671974522293 0.03263403263403263 0.07165605095541401
