0 0.6235431235431236 0.8280254777070064 0.03496503496503497 0.054140127388535034
2 0.5273892773892774 0.7181528662420382 0.029137529137529136 0.0732484076433121
0 0.418997668997669 0.3718152866242038 0.054778554778554776 0.11305732484076433
2 0.4178321678321678 0.6393312101910829 0.045454545454545456 0.042993630573248405
1 0.2966200466200466 0.09792993630573249 0.09673659673659674 0.08121019108280254
1 0.16375291375291376 0.4251592356687898 0.05710955710955711 0.1178343949044586
2 0.4994172494172494 0.5246815286624203 0.038461538461538464 0.08439490445859872
1 0.5536130536130536 0.6409235668789809 0.06060606060606061 0.03662420382165605
1 0.18006993006993008 0.06050955414012739 0.04312354312354312 0.10509554140127389
0 0.8193473193473193 0.6369426751592356 0.06993006993006994 0.12738853503184713
