1 0.4358974358974359 0.51671974522293 0.039627039627039624 0.02388535031847134
2 0.6963869463869464 0.11624203821656051 0.05011655011655012 0.03821656050955414
0 0.905011655011655 0.47929936305732485 0.024475524475524476 0.06687898089171974
0 0.7902097902097902 0.7985668789808917 0.07925407925407925 0.06210191082802548
2 0.6095571095571095 0.5406050955414012 0.030303030303030304 0.07165605095541401
1 0.5209790209790209 0.3447452229299363 0.04895104895104895 0.04617834394904458
1 0.1993006993006993 0.21496815286624205 0.08158508158508158 0.06050955414012739
2 0.4557109557109557 0.42277070063694266 0.030303030303030304 0.07165605095541401
1 0.6293706293706294 0.8431528662420382 0.053613053613053616 0.03662420382165605
1 0.7826340326340326 0.947452229299363 0.09207459207459208 0.05732484076433121
