1 0.10139860139860139 0.5971337579617835 0.0675990675990676 0.06369426751592357
2 0.7132867132867133 0.5804140127388535 0.037296037296037296 0.08439490445859872
1 0.24242424242424243 0.14331210191082802 0.08624708624708624 0.054140127388535034
0 0.07983682983682984 0.0589171974522293 0.05011655011655012 0.03821656050955414
1 0.8251748251748252 0.6942675159235668 0.14685314685314685 0.08917197452229299
1 0.3135198135198135 0.4928343949044586 0.016317016317016316 0.052547770700636945
1 0.12645687645687645 0.429140127388535 0.05944055944055944 0.1321656050955414
2 0.22377622377622378 0.5278662420382165 0.02097902097902098 0.06528662420382166
1 0.3175990675990676 0.8909235668789809 0.0337995337995338 0.09076433121019108
2 0.9038461538461539 0.4020700636942675 0.026806526806526808 0.08121019108280254
