1 0.8106060606060606 0.8869426751592356 0.07575757575757576 0.050955414012738856
1 0.8344988344988346 0.7300955414012739 0.05128205128205128 0.11942675159235669
2 0.7977855477855478 0.20222929936305734 0.038461538461538464 0.025477707006369428
1 0.4382284382284382 0.7643312101910829 0.02564102564102564 0.06687898089171974
2 0.5652680652680653 0.0804140127388535 0.05827505827505827 0.052547770700636945
0 0.4382284382284382 0.18312101910828024 0.03263403263403263 0.07006369426751592
2 0.4376456876456876 0.29538216560509556 0.05710955710955711 0.04617834394904458
0 0.07867132867132867 0.1552547770700637 0.054778554778554776 0.11305732484076433
2 0.9067599067599068 0.7563694267515924 0.04195804195804196 0.10509554140127389
2 0.6585081585081585 0.0660828025477707 0.02097902097902098 0.06528662420382166
