2 0.9691142191142191 0.927547770700637 0.06177156177156177 0.052547770700636945
0 0.11946386946386946 0.6679936305732485 0.038461538461538464 0.030254777070063694
0 0.25524475524475526 0.11863057324840764 0.03496503496503497 0.027070063694267517
1 0.4458041958041958 0.4323248407643312 0.09906759906759907 0.1035031847133758
2 0.7418414918414918 0.4928343949044586 0.024475524475524476 0.06847133757961783
1 0.8991841491841492 0.7109872611464968 0.09673659673659674 0.08121019108280254
0 0.2703962703962704 0.24761146496815287 0.027972027972027972 0.06847133757961783
2 0.10314685314685315 0.3821656050955414 0.038461538461538464 0.07961783439490445
0 0.372960372960373 0.7603503184713376 0.05827505827505827 0.04617834394904458
1 0.4026806526806527 0.1337579617834395 0.08974358974358974 0.08598726114649681
