1 0.6369463869463869 0.15127388535031847 0.05710955710955711 0.1178343949044586
1 0.817016317016317 0.8710191082802548 0.02564102564102564 0.07643312101910828
1 0.7925407925407926 0.5835987261146497 0.07226107226107226 0.1321656050955414
1 0.13344988344988346 0.7165605095541401 0.045454545454545456 0.028662420382165606
1 0.5157342657342657 0.267515923566879 0.1317016317016317 0.09235668789808917
2 0.745920745920746 0.5565286624203821 0.02097902097902098 0.06210191082802548
0 0.8228438228438228 0.3718152866242038 0.06526806526806526 0.04617834394904458
1 0.2931235431235431 0.6242038216560509 0.0944055944055944 0.06050955414012739
0 0.30594405594405594 0.29777070063694266 0.024475524475524476 0.054140127388535034
0 0.6794871794871795 0.4020700636942675 0.09324009324009325 0.07165605095541401
