1 0.6579254079254079 0.8893312101910829 0.017482517482517484 0.052547770700636945
2 0.20512820512820512 0.9538216560509554 0.023310023310023312 0.06369426751592357
1 0.4562937062937063 0.08519108280254777 0.09673659673659674 0.08121019108280254
2 0.46561771561771564 0.285828025477707 0.038461538461538464 0.08121019108280254
2 0.28263403263403264 0.37898089171974525 0.026806526806526808 0.08917197452229299
2 0.5407925407925408 0.9530254777070064 0.02097902097902098 0.0589171974522293
1 0.8752913752913752 0.5310509554140127 0.027972027972027972 0.08121019108280254
1 0.6410256410256411 0.6520700636942676 0.1351981351981352 0.0875796178343949
1 0.44347319347319347 0.6194267515923567 0.024475524475524476 0.050955414012738856
1 0.42832167832167833 0.482484076433121 0.05944055944055944 0.1305732484076433
