0 0.2727272727272727 0.6902866242038217 0.03496503496503497 0.06847133757961783
2 0.2686480186480186 0.9211783439490446 0.019813519813519812 0.0589171974522293
1 0.1987179487179487 0.7253184713375797 0.05944055944055944 0.1321656050955414
0 0.3543123543123543 0.10748407643312102 0.027972027972027972 0.06847133757961783
1 0.34906759906759904 0.4984076433121019 0.05710955710955711 0.03821656050955414
0 0.14743589743589744 0.8606687898089171 0.054778554778554776 0.04936305732484077
0 0.5506993006993007 0.7921974522292994 0.0944055944055944 0.18630573248407642
0 0.6468531468531469 0.15047770700636942 0.053613053613053616 0.04936305732484077
1 0.8572261072261073 0.76671974522293 0.03146853146853147 0.06210191082802548
1 0.08682983682983683 0.29538216560509556 0.08741258741258741 0.07484076433121019
