2 0.17016317016317017 0.3590764331210191 0.08158508158508158 0.05573248407643312
1 0.5576923076923077 0.18949044585987262 0.0641025641025641 0.044585987261146494
2 0.17249417249417248 0.9578025477707006 0.02097902097902098 0.06528662420382166
1 0.035547785547785545 0.27070063694267515 0.05244755244755245 0.1464968152866242
1 0.15268065268065267 0.7109872611464968 0.08158508158508158 0.06210191082802548
1 0.5909090909090909 0.6154458598726115 0.07692307692307693 0.052547770700636945
0 0.4143356643356643 0.19187898089171976 0.03613053613053613 0.04936305732484077
2 0.391025641025641 0.41321656050955413 0.03146853146853147 0.07484076433121019
2 0.24883449883449885 0.27945859872611467 0.0337995337995338 0.07165605095541401
2 0.7686480186480187 0.8686305732484076 0.03146853146853147 0.07484076433121019
