1 0.17657342657342656 0.571656050955414 0.04079254079254079 0.022292993630573247
1 0.15967365967365968 0.15684713375796178 0.09557109557109557 0.06210191082802548
2 0.04195804195804196 0.1807324840764331 0.027972027972027972 0.06847133757961783
1 0.9009324009324009 0.9012738853503185 0.03263403263403263 0.07006369426751592
1 0.763986013986014 0.5103503184713376 0.06177156177156177 0.03662420382165605
0 0.17074592074592074 0.6998407643312102 0.038461538461538464 0.06847133757961783
0 0.15034965034965034 0.46496815286624205 0.09324009324009325 0.07961783439490445
0 0.4807692307692308 0.2515923566878981 0.04312354312354312 0.06050955414012739
1 0.04895104895104895 0.0660828025477707 0.037296037296037296 0.1035031847133758
1 0.4230769230769231 0.3535031847133758 0.08158508158508158 0.06050955414012739
