2 0.3327505827505827 0.9084394904458599 0.06177156177156177 0.052547770700636945
1 0.7872960372960373 0.767515923566879 0.13636363636363635 0.08917197452229299
1 0.21794871794871795 0.7213375796178344 0.06993006993006994 0.06369426751592357
0 0.17657342657342656 0.5398089171974523 0.038461538461538464 0.07643312101910828
1 0.38053613053613056 0.07643312101910828 0.13636363636363635 0.09235668789808917
1 0.40384615384615385 0.4068471337579618 0.05944055944055944 0.1321656050955414
0 0.27797202797202797 0.12898089171974522 0.06876456876456877 0.04777070063694268
2 0.8088578088578089 0.32245222929936307 0.06060606060606061 0.052547770700636945
1 0.08333333333333333 0.5915605095541401 0.038461538461538464 0.02388535031847134
2 0.5734265734265734 0.08359872611464968 0.030303030303030304 0.08439490445859872
