1 0.08333333333333333 0.18550955414012738 0.029137529137529136 0.09076433121019108
0 0.19405594405594406 0.041401273885350316 0.06177156177156177 0.050955414012738856
1 0.44755244755244755 0.5382165605095541 0.0675990675990676 0.05732484076433121
0 0.7808857808857809 0.7436305732484076 0.023310023310023312 0.050955414012738856
2 0.9254079254079254 0.8407643312101911 0.027972027972027972 0.08598726114649681
0 0.8881118881118881 0.6353503184713376 0.030303030303030304 0.06369426751592357
0 0.0780885780885781 0.35589171974522293 0.03496503496503497 0.027070063694267517
0 0.28263403263403264 0.6584394904458599 0.0641025641025641 0.03980891719745223
0 0.581002331002331 0.34076433121019106 0.05011655011655012 0.044585987261146494
0 0.9731934731934732 0.43471337579617836 0.03263403263403263 0.07006369426751592
