2 0.014568764568764568 0.04219745222929936 0.024475524475524476 0.07165605095541401
0 0.6631701631701632 0.41003184713375795 0.09090909090909091 0.18312101910828024
1 0.42773892773892774 0.45621019108280253 0.018648018648018648 0.05573248407643312
0 0.26048951048951047 0.021496815286624203 0.038461538461538464 0.030254777070063694
0 0.337995337995338 0.04777070063694268 0.06993006993006994 0.07006369426751592
0 0.351981351981352 0.3447452229299363 0.053613053613053616 0.04617834394904458
2 0.14743589743589744 0.44028662420382164 0.06177156177156177 0.052547770700636945
2 0.5827505827505828 0.9259554140127388 0.02097902097902098 0.05573248407643312
1 0.45396270396270394 0.8192675159235668 0.07109557109557109 0.17993630573248406
0 0.784965034965035 0.23646496815286625 0.03146853146853147 0.03980891719745223
