1 0.1258741258741259 0.14570063694267515 0.04195804195804196 0.12579617834394904
2 0.532051282051282 0.8845541401273885 0.05944055944055944 0.04617834394904458
1 0.38461538461538464 0.09952229299363058 0.08158508158508158 0.06210191082802548
1 0.87995337995338 0.1679936305732484 0.08624708624708624 0.07484076433121019
1 0.09324009324009325 0.7651273885350318 0.02097902097902098 0.0589171974522293
2 0.9277389277389277 0.4068471337579618 0.07925407925407925 0.052547770700636945
1 0.2872960372960373 0.14251592356687898 0.06876456876456877 0.18312101910828024
2 0.3409090909090909 0.8081210191082803 0.05710955710955711 0.04617834394904458
1 0.16375291375291376 0.37977707006369427 0.017482517482517484 0.05573248407643312
1 0.48543123543123545 0.3320063694267516 0.05710955710955711 0.12579617834394904
