1 0.5163170163170163 0.5398089171974523 0.04428904428904429 0.12101910828025478
0 0.5087412587412588 0.4307324840764331 0.038461538461538464 0.08439490445859872
2 0.07983682983682984 0.5804140127388535 0.045454545454545456 0.042993630573248405
0 0.2296037296037296 0.7109872611464968 0.030303030303030304 0.07165605095541401
0 0.9399766899766899 0.05573248407643312 0.07342657342657342 0.05732484076433121
1 0.27505827505827507 0.3821656050955414 0.039627039627039624 0.025477707006369428
1 0.43997668997669 0.7651273885350318 0.05944055944055944 0.1321656050955414
1 0.6334498834498834 0.6194267515923567 0.026806526806526808 0.07961783439490445
0 0.534965034965035 0.7969745222929936 0.05128205128205128 0.08121019108280254
1 0.4353146853146853 0.5414012738853503 0.045454545454545456 0.1305732484076433
