1 0.3076923076923077 0.9187898089171974 0.08391608391608392 0.050955414012738856
2 0.7925407925407926 0.4585987261146497 0.06060606060606061 0.1178343949044586
0 0.5874125874125874 0.4896496815286624 0.08857808857808858 0.07802547770700637
0 0.7103729603729604 0.16003184713375795 0.06177156177156177 0.052547770700636945
1 0.16083916083916083 0.8359872611464968 0.046620046620046623 0.1305732484076433
1 0.9184149184149184 0.8192675159235668 0.10955710955710955 0.08439490445859872
2 0.42482517482517484 0.7205414012738853 0.06177156177156177 0.052547770700636945
0 0.09324009324009325 0.5573248407643312 0.02564102564102564 0.05732484076433121
1 0.06235431235431235 0.929140127388535 0.04312354312354312 0.12261146496815287
2 0.7051282051282052 0.5246815286624203 0.023310023310023312 0.06847133757961783
