1 0.5466200466200466 0.3447452229299363 0.04428904428904429 0.1321656050955414
1 0.7762237762237763 0.8001592356687898 0.04428904428904429 0.11942675159235669
1 0.9230769230769231 0.9665605095541401 0.08158508158508158 0.06050955414012739
1 0.828088578088578 0.9665605095541401 0.04312354312354312 0.06050955414012739
0 0.6963869463869464 0.6122611464968153 0.09673659673659674 0.07802547770700637
1 0.7231934731934732 0.7595541401273885 0.04312354312354312 0.10509554140127389
1 0.14277389277389277 0.64171974522293 0.05011655011655012 0.04777070063694268
1 0.9137529137529138 0.6664012738853503 0.04195804195804196 0.12579617834394904
1 0.8141025641025641 0.5835987261146497 0.05244755244755245 0.0875796178343949
1 0.40093240093240096 0.678343949044586 0.039627039627039624 0.025477707006369428
