0 0.9166666666666666 0.5469745222929936 0.09673659673659674 0.17993630573248406
1 0.4621212121212121 0.2213375796178344 0.13636363636363635 0.09235668789808917
1 0.4289044289044289 0.5971337579617835 0.04195804195804196 0.025477707006369428
1 0.8793706293706294 0.23487261146496816 0.05944055944055944 0.1321656050955414
1 0.6573426573426573 0.5398089171974523 0.030303030303030304 0.06369426751592357
1 0.7884615384615384 0.3144904458598726 0.04312354312354312 0.12261146496815287
1 0.7097902097902098 0.2300955414012739 0.08158508158508158 0.06210191082802548
0 0.5506993006993007 0.09076433121019108 0.09207459207459208 0.10191082802547771
2 0.6451048951048951 0.6050955414012739 0.05944055944055944 0.044585987261146494
1 0.2494172494172494 0.2635350318471338 0.08158508158508158 0.06210191082802548
