1 0.037296037296037296 0.767515923566879 0.037296037296037296 0.022292993630573247
1 0.5967365967365967 0.8168789808917197 0.037296037296037296 0.08598726114649681
0 0.7296037296037297 0.3678343949044586 0.04195804195804196 0.05732484076433121
2 0.31876456876456877 0.2014331210191083 0.0337995337995338 0.07802547770700637
2 0.02156177156177156 0.5692675159235668 0.0337995337995338 0.07802547770700637
2 0.02156177156177156 0.2014331210191083 0.03613053613053613 0.09076433121019108
1 0.11013986013986014 0.24681528662420382 0.0944055944055944 0.06050955414012739
2 0.20804195804195805 0.5621019108280255 0.0337995337995338 0.10509554140127389
2 0.12645687645687645 0.42754777070063693 0.0337995337995338 0.07802547770700637
1 0.12937062937062938 0.9363057324840764 0.07692307692307693 0.06687898089171974
