2 0.351981351981352 0.3463375796178344 0.030303030303030304 0.07165605095541401
2 0.4603729603729604 0.25955414012738853 0.053613053613053616 0.03821656050955414
1 0.2266899766899767 0.6218152866242038 0.054778554778554776 0.11305732484076433
0 0.458041958041958 0.5214968152866242 0.030303030303030304 0.07165605095541401
1 0.884032634032634 0.6934713375796179 0.05944055944055944 0.1321656050955414
0 0.7476689976689976 0.7253184713375797 0.0641025641025641 0.04936305732484077
0 0.9807692307692307 0.4426751592356688 0.029137529137529136 0.04777070063694268
2 0.40675990675990675 0.7101910828025477 0.06060606060606061 0.04777070063694268
1 0.8135198135198135 0.9171974522292994 0.046620046620046623 0.1178343949044586
1 0.5891608391608392 0.2571656050955414 0.06177156177156177 0.12898089171974522
