1 0.5407925407925408 0.3877388535031847 0.08158508158508158 0.06210191082802548
2 0.6899766899766899 0.9562101910828026 0.027972027972027972 0.06847133757961783
0 0.1998834498834499 0.2157643312101911 0.054778554778554776 0.042993630573248405
0 0.20512820512820512 0.3885350318471338 0.037296037296037296 0.03184713375796178
1 0.21561771561771562 0.928343949044586 0.08158508158508158 0.06050955414012739
1 0.45163170163170163 0.5764331210191083 0.05944055944055944 0.1305732484076433
1 0.5215617715617715 0.25636942675159236 0.09207459207459208 0.06050955414012739
1 0.5693473193473193 0.06528662420382166 0.05944055944055944 0.1305732484076433
1 0.20396270396270397 0.059713375796178345 0.018648018648018648 0.052547770700636945
2 0.42482517482517484 0.7205414012738853 0.0337995337995338 0.07802547770700637
