0 0.502913752913753 0.5127388535031847 0.05011655011655012 0.04777070063694268
1 0.1660839160839161 0.820859872611465 0.05244755244755245 0.0875796178343949
1 0.9358974358974359 0.15047770700636942 0.08158508158508158 0.06210191082802548
0 0.34265734265734266 0.1305732484076433 0.03496503496503497 0.0732484076433121
2 0.6118881118881119 0.9020700636942676 0.030303030303030304 0.07165605095541401
2 0.02972027972027972 0.6743630573248408 0.05944055944055944 0.04617834394904458
1 0.8752913752913752 0.37898089171974525 0.06993006993006994 0.07006369426751592
2 0.1590909090909091 0.2906050955414013 0.06177156177156177 0.052547770700636945
2 0.5099067599067599 0.8152866242038217 0.024475524475524476 0.0732484076433121
1 0.8187645687645687 0.8837579617834395 0.0641025641025641 0.04777070063694268
