1 0.5337995337995338 0.28105095541401276 0.039627039627039624 0.02388535031847134
0 0.9440559440559441 0.45302547770700635 0.04195804195804196 0.030254777070063694
1 0.30652680652680653 0.0963375796178344 0.030303030303030304 0.07165605095541401
1 0.4493006993006993 0.4896496815286624 0.05944055944055944 0.1321656050955414
1 0.9242424242424242 0.5740445859872612 0.13986013986013987 0.09394904458598727
2 0.36655011655011654 0.35589171974522293 0.05944055944055944 0.052547770700636945
1 0.8036130536130536 0.572452229299363 0.038461538461538464 0.02388535031847134
1 0.844988344988345 0.9004777070063694 0.08158508158508158 0.06210191082802548
1 0.2465034965034965 0.553343949044586 0.05944055944055944 0.04936305732484077
0 0.6561771561771562 0.5621019108280255 0.08158508158508158 0.06050955414012739
