1 0.3572261072261072 0.42038216560509556 0.03146853146853147 0.09235668789808917
2 0.2942890442890443 0.14888535031847133 0.024475524475524476 0.06847133757961783
2 0.8630536130536131 0.18949044585987262 0.038461538461538464 0.08280254777070063
2 0.7727272727272727 0.5071656050955414 0.030303030303030304 0.07165605095541401
1 0.4586247086247086 0.9171974522292994 0.08275058275058275 0.050955414012738856
1 0.2634032634032634 0.4148089171974522 0.09557109557109557 0.06210191082802548
1 0.5343822843822844 0.8288216560509554 0.09906759906759907 0.09394904458598727
2 0.7878787878787878 0.10429936305732485 0.05827505827505827 0.042993630573248405
1 0.38461538461538464 0.6839171974522293 0.09557109557109557 0.06210191082802548
2 0.2634032634032634 0.10270700636942676 0.030303030303030304 0.07165605095541401
