1 0.24766899766899766 0.08280254777070063 0.05944055944055944 0.1305732484076433
0 0.5198135198135199 0.47770700636942676 0.06526806526806526 0.054140127388535034
1 0.04195804195804196 0.660828025477707 0.04428904428904429 0.11464968152866242
1 0.8018648018648019 0.8957006369426752 0.04428904428904429 0.12898089171974522
1 0.7138694638694638 0.7388535031847133 0.0780885780885781 0.06687898089171974
0 0.8956876456876457 0.8081210191082803 0.05244755244755245 0.0875796178343949
0 0.7733100233100233 0.4840764331210191 0.06876456876456877 0.054140127388535034
1 0.5786713286713286 0.4609872611464968 0.04079254079254079 0.02388535031847134
2 0.8933566433566433 0.3431528662420382 0.05710955710955711 0.04936305732484077
1 0.3764568764568765 0.18949044585987262 0.04895104895104895 0.044585987261146494
