2 0.594988344988345 0.3638535031847134 0.045454545454545456 0.042993630573248405
0 0.06060606060606061 0.3343949044585987 0.0675990675990676 0.04777070063694268
2 0.777972027972028 0.5103503184713376 0.045454545454545456 0.042993630573248405
1 0.9102564102564102 0.7794585987261147 0.04895104895104895 0.12579617834394904
2 0.30361305361305363 0.32722929936305734 0.024475524475524476 0.07165605095541401
2 0.317016317016317 0.1536624203821656 0.030303030303030304 0.07802547770700637
2 0.4784382284382284 0.9554140127388535 0.047785547785547784 0.03184713375796178
1 0.7546620046620046 0.042993630573248405 0.022144522144522144 0.07006369426751592
1 0.5448717948717948 0.22213375796178345 0.08275058275058275 0.06210191082802548
0 0.2668997668997669 0.6369426751592356 0.030303030303030304 0.07006369426751592
