1 0.5763403263403264 0.08359872611464968 0.05944055944055944 0.1321656050955414
1 0.3129370629370629 0.04378980891719745 0.08275058275058275 0.07484076433121019
0 0.2733100233100233 0.929140127388535 0.0337995337995338 0.08121019108280254
1 0.8362470862470862 0.7985668789808917 0.08275058275058275 0.06210191082802548
1 0.6853146853146853 0.3375796178343949 0.016317016317016316 0.050955414012738856
1 0.5722610722610723 0.5628980891719745 0.018648018648018648 0.04617834394904458
0 0.06701631701631702 0.28821656050955413 0.09906759906759907 0.08917197452229299
1 0.541958041958042 0.7340764331210191 0.04195804195804196 0.11146496815286625
2 0.9632867132867133 0.3447452229299363 0.026806526806526808 0.08121019108280254
1 0.7826340326340326 0.428343949044586 0.0641025641025641 0.041401273885350316
