1 0.17657342657342656 0.4410828025477707 0.08974358974358974 0.054140127388535034
0 0.9172494172494172 0.3606687898089172 0.05128205128205128 0.0875796178343949
0 0.8805361305361306 0.9195859872611465 0.09906759906759907 0.1035031847133758
1 0.6736596736596736 0.5039808917197452 0.10955710955710955 0.06847133757961783
1 0.42365967365967366 0.06449044585987261 0.05944055944055944 0.08121019108280254
0 0.358974358974359 0.28423566878980894 0.05128205128205128 0.04617834394904458
2 0.6025641025641025 0.6011146496815286 0.039627039627039624 0.08121019108280254
2 0.8082750582750583 0.1807324840764331 0.0337995337995338 0.07802547770700637
1 0.08333333333333333 0.07484076433121019 0.024475524475524476 0.06687898089171974
1 0.4224941724941725 0.7237261146496815 0.09673659673659674 0.08121019108280254
