1 0.1252913752913753 0.17993630573248406 0.0780885780885781 0.06687898089171974
1 0.8910256410256411 0.2961783439490446 0.08275058275058275 0.04777070063694268
1 0.6864801864801865 0.6488853503184714 0.030303030303030304 0.08121019108280254
0 0.4423076923076923 0.03901273885350318 0.054778554778554776 0.042993630573248405
1 0.3723776223776224 0.6178343949044586 0.08275058275058275 0.18789808917197454
1 0.1858974358974359 0.35509554140127386 0.09207459207459208 0.05732484076433121
2 0.6171328671328671 0.7101910828025477 0.022144522144522144 0.06050955414012739
2 0.486013986013986 0.5788216560509554 0.030303030303030304 0.07165605095541401
1 0.358974358974359 0.8757961783439491 0.04195804195804196 0.025477707006369428
1 0.36655011655011654 0.7921974522292994 0.0944055944055944 0.06210191082802548
