0 0.5792540792540792 0.15764331210191082 0.030303030303030304 0.06369426751592357
0 0.43414918414918413 0.5103503184713376 0.05944055944055944 0.042993630573248405
1 0.46445221445221446 0.5772292993630573 0.03146853146853147 0.08121019108280254
2 0.8822843822843823 0.2372611464968153 0.03263403263403263 0.09554140127388536
1 0.38403263403263405 0.2619426751592357 0.03146853146853147 0.06210191082802548
0 0.2540792540792541 0.357484076433121 0.06526806526806526 0.12898089171974522
1 0.7622377622377622 0.7189490445859873 0.09557109557109557 0.08121019108280254
1 0.5407925407925408 0.732484076433121 0.1445221445221445 0.09872611464968153
1 0.3502331002331002 0.5095541401273885 0.05944055944055944 0.1305732484076433
1 0.8275058275058275 0.6305732484076433 0.053613053613053616 0.044585987261146494
