1 0.4201631701631702 0.22770700636942676 0.017482517482517484 0.050955414012738856
1 0.243006993006993 0.23805732484076433 0.0337995337995338 0.08439490445859872
2 0.4324009324009324 0.0660828025477707 0.05128205128205128 0.03343949044585987
1 0.8146853146853147 0.13853503184713375 0.046620046620046623 0.03184713375796178
1 0.4836829836829837 0.2428343949044586 0.027972027972027972 0.07802547770700637
1 0.06293706293706294 0.5055732484076433 0.09557109557109557 0.06210191082802548
1 0.21153846153846154 0.7093949044585988 0.017482517482517484 0.05573248407643312
1 0.42832167832167833 0.1807324840764331 0.04079254079254079 0.02388535031847134
1 0.28321678321678323 0.5955414012738853 0.09090909090909091 0.05732484076433121
1 0.5751748251748252 0.9378980891719745 0.026806526806526808 0.07961783439490445
