1 0.6934731934731935 0.14410828025477707 0.07226107226107226 0.13535031847133758
0 0.06701631701631702 0.5915605095541401 0.09906759906759907 0.09076433121019108
2 0.8986013986013986 0.39171974522292996 0.037296037296037296 0.09554140127388536
2 0.5372960372960373 0.2906050955414013 0.05827505827505827 0.03343949044585987
1 0.6876456876456877 0.9538216560509554 0.037296037296037296 0.04777070063694268
0 0.10256410256410256 0.4307324840764331 0.09557109557109557 0.09076433121019108
1 0.8583916083916084 0.36942675159235666 0.029137529137529136 0.06369426751592357
0 0.7255244755244755 0.9323248407643312 0.03613053613053613 0.06528662420382166
1 0.4772727272727273 0.34235668789808915 0.05944055944055944 0.1305732484076433
0 0.45163170163170163 0.9490445859872612 0.038461538461538464 0.08598726114649681
