0 0.1182983682983683 0.7707006369426752 0.06876456876456877 0.054140127388535034
0 0.585081585081585 0.4410828025477707 0.11655011655011654 0.10828025477707007
2 0.31993006993006995 0.38296178343949044 0.05944055944055944 0.04617834394904458
2 0.4015151515151515 0.49522292993630573 0.03146853146853147 0.06369426751592357
1 0.36946386946386944 0.8949044585987261 0.037296037296037296 0.03184713375796178
2 0.32517482517482516 0.8312101910828026 0.053613053613053616 0.03821656050955414
0 0.9114219114219114 0.09235668789808917 0.030303030303030304 0.06050955414012739
1 0.6386946386946387 0.9315286624203821 0.039627039627039624 0.022292993630573247
1 0.30477855477855476 0.49522292993630573 0.08974358974358974 0.054140127388535034
0 0.7196969696969697 0.29697452229299365 0.038461538461538464 0.08439490445859872
