2 0.15034965034965034 0.5501592356687898 0.030303030303030304 0.07165605095541401
2 0.28146853146853146 0.892515923566879 0.026806526806526808 0.08121019108280254
1 0.32167832167832167 0.35509554140127386 0.023310023310023312 0.050955414012738856
0 0.9195804195804196 0.04060509554140127 0.06526806526806526 0.04617834394904458
1 0.38636363636363635 0.49920382165605093 0.13636363636363635 0.0875796178343949
1 0.6637529137529138 0.49522292993630573 0.08741258741258741 0.06369426751592357
1 0.803030303030303 0.1942675159235669 0.030303030303030304 0.07643312101910828
1 0.5134032634032634 0.21098726114649682 0.05944055944055944 0.03980891719745223
1 0.7202797202797203 0.9323248407643312 0.06526806526806526 0.03980891719745223
1 0.8304195804195804 0.660828025477707 0.0641025641025641 0.041401273885350316
