1 0.583916083916084 0.23089171974522293 0.023310023310023312 0.050955414012738856
1 0.5658508158508159 0.9116242038216561 0.019813519813519812 0.05573248407643312
2 0.7127039627039627 0.29697452229299365 0.0337995337995338 0.07802547770700637
0 0.21095571095571095 0.19028662420382167 0.037296037296037296 0.06847133757961783
1 0.3548951048951049 0.17993630573248406 0.054778554778554776 0.12101910828025478
2 0.2092074592074592 0.4323248407643312 0.06177156177156177 0.052547770700636945
1 0.47144522144522144 0.6186305732484076 0.08741258741258741 0.0589171974522293
1 0.49533799533799533 0.08519108280254777 0.08158508158508158 0.06210191082802548
1 0.07517482517482517 0.07882165605095541 0.08275058275058275 0.07484076433121019
0 0.2937062937062937 0.5230891719745223 0.030303030303030304 0.07165605095541401
