1 0.168997668997669 0.5214968152866242 0.03496503496503497 0.0875796178343949
1 0.3543123543123543 0.08996815286624203 0.08624708624708624 0.06210191082802548
2 0.3152680652680653 0.2444267515923567 0.06177156177156177 0.052547770700636945
0 0.07925407925407925 0.9179936305732485 0.030303030303030304 0.07165605095541401
1 0.6182983682983683 0.4355095541401274 0.08974358974358974 0.0589171974522293
2 0.47494172494172493 0.25079617834394907 0.04079254079254079 0.10668789808917198
1 0.20454545454545456 0.13694267515923567 0.024475524475524476 0.0732484076433121
2 0.6934731934731935 0.06767515923566879 0.027972027972027972 0.06847133757961783
2 0.270979020979021 0.3351910828025478 0.038461538461538464 0.09076433121019108
1 0.5268065268065268 0.8527070063694268 0.046620046620046623 0.11305732484076433
