1 0.27505827505827507 0.8375796178343949 0.02564102564102564 0.07006369426751592
1 0.22727272727272727 0.7157643312101911 0.05128205128205128 0.11942675159235669
1 0.46853146853146854 0.535828025477707 0.03496503496503497 0.052547770700636945
2 0.23601398601398602 0.339171974522293 0.038461538461538464 0.08280254777070063
2 0.8304195804195804 0.6464968152866242 0.10139860139860139 0.07006369426751592
2 0.3094405594405594 0.14251592356687898 0.029137529137529136 0.07165605095541401
1 0.5763403263403264 0.5469745222929936 0.06177156177156177 0.03980891719745223
2 0.8782051282051282 0.768312101910828 0.08741258741258741 0.0589171974522293
1 0.3269230769230769 0.5493630573248408 0.05011655011655012 0.044585987261146494
0 0.8863636363636364 0.5445859872611465 0.06876456876456877 0.054140127388535034
