2 0.6305361305361306 0.3304140127388535 0.037296037296037296 0.08439490445859872
2 0.22319347319347319 0.4426751592356688 0.017482517482517484 0.044585987261146494
2 0.06993006993006994 0.9657643312101911 0.027972027972027972 0.06847133757961783
1 0.43414918414918413 0.6457006369426752 0.04312354312354312 0.11305732484076433
0 0.7027972027972028 0.7109872611464968 0.030303030303030304 0.03980891719745223
1 0.08100233100233101 0.8176751592356688 0.05944055944055944 0.1321656050955414
2 0.3956876456876457 0.05652866242038217 0.029137529137529136 0.08121019108280254
2 0.6363636363636364 0.6616242038216561 0.02097902097902098 0.04936305732484077
0 0.337995337995338 0.3734076433121019 0.055944055944055944 0.03980891719745223
0 0.8980186480186481 0.804140127388535 0.024475524475524476 0.06687898089171974
