0 0.5722610722610723 0.5390127388535032 0.05827505827505827 0.07484076433121019
0 0.23543123543123542 0.23328025477707007 0.0675990675990676 0.13535031847133758
0 0.029137529137529136 0.42595541401273884 0.027972027972027972 0.06847133757961783
1 0.7138694638694638 0.5390127388535032 0.05710955710955711 0.12261146496815287
1 0.32167832167832167 0.19506369426751594 0.05128205128205128 0.11942675159235669
1 0.7249417249417249 0.9323248407643312 0.04428904428904429 0.09394904458598727
1 0.8764568764568764 0.6345541401273885 0.06293706293706294 0.03662420382165605
1 0.9475524475524476 0.7356687898089171 0.06993006993006994 0.1305732484076433
0 0.7610722610722611 0.8383757961783439 0.03263403263403263 0.07802547770700637
1 0.44522144522144524 0.7730891719745223 0.016317016317016316 0.052547770700636945
