2 0.17191142191142192 0.10191082802547771 0.038461538461538464 0.08280254777070063
0 0.3916083916083916 0.9785031847133758 0.04428904428904429 0.03980891719745223
1 0.5734265734265734 0.7547770700636943 0.037296037296037296 0.022292993630573247
1 0.3385780885780886 0.7714968152866242 0.054778554778554776 0.11942675159235669
2 0.11013986013986014 0.7738853503184714 0.03146853146853147 0.08917197452229299
1 0.953962703962704 0.32961783439490444 0.05944055944055944 0.1305732484076433
0 0.7750582750582751 0.678343949044586 0.03263403263403263 0.06687898089171974
1 0.48834498834498835 0.8463375796178344 0.08624708624708624 0.0589171974522293
1 0.027389277389277388 0.1035031847133758 0.047785547785547784 0.1337579617834395
2 0.2529137529137529 0.8781847133757962 0.023310023310023312 0.06528662420382166
