1 0.8391608391608392 0.29936305732484075 0.037296037296037296 0.022292993630573247
0 0.0979020979020979 0.4164012738853503 0.07925407925407925 0.15127388535031847
0 0.358974358974359 0.35987261146496813 0.11888111888111888 0.10828025477707007
1 0.9143356643356644 0.16480891719745222 0.05944055944055944 0.1321656050955414
1 0.8012820512820513 0.43630573248407645 0.05944055944055944 0.1305732484076433
1 0.243006993006993 0.9490445859872612 0.017482517482517484 0.054140127388535034
1 0.42074592074592077 0.2269108280254777 0.04428904428904429 0.12579617834394904
0 0.10314685314685315 0.85828025477707 0.1386946386946387 0.1178343949044586
1 0.5506993006993007 0.8861464968152867 0.05944055944055944 0.03662420382165605
1 0.49417249417249415 0.6536624203821656 0.016317016317016316 0.04936305732484077
