2 0.46853146853146854 0.20939490445859874 0.055944055944055944 0.03662420382165605
2 0.23368298368298368 0.32802547770700635 0.026806526806526808 0.08917197452229299
1 0.3764568764568765 0.6154458598726115 0.04895104895104895 0.12579617834394904
2 0.1182983682983683 0.7492038216560509 0.05011655011655012 0.03343949044585987
2 0.7453379953379954 0.2014331210191083 0.019813519813519812 0.0589171974522293
1 0.9405594405594405 0.49601910828025475 0.08391608391608392 0.06210191082802548
0 0.18065268065268064 0.7953821656050956 0.027972027972027972 0.06210191082802548
0 0.4621212121212121 0.07085987261146497 0.0337995337995338 0.08121019108280254
2 0.7138694638694638 0.5199044585987261 0.015151515151515152 0.042993630573248405
1 0.6322843822843823 0.39888535031847133 0.06643356643356643 0.06847133757961783
