0 0.8648018648018648 0.9410828025477707 0.03496503496503497 0.0732484076433121
1 0.502913752913753 0.3017515923566879 0.08275058275058275 0.07484076433121019
1 0.7721445221445221 0.4880573248407643 0.054778554778554776 0.042993630573248405
2 0.8461538461538461 0.5382165605095541 0.08158508158508158 0.054140127388535034
0 0.8572261072261073 0.2070063694267516 0.05944055944055944 0.054140127388535034
2 0.8100233100233101 0.2125796178343949 0.030303030303030304 0.07165605095541401
1 0.07692307692307693 0.47611464968152867 0.04195804195804196 0.1178343949044586
1 0.4370629370629371 0.7269108280254777 0.08158508158508158 0.06210191082802548
1 0.36247086247086246 0.6886942675159236 0.03263403263403263 0.07802547770700637
2 0.8968531468531469 0.4450636942675159 0.05944055944055944 0.03980891719745223
