2 0.20279720279720279 0.7507961783439491 0.018648018648018648 0.052547770700636945
1 0.05244755244755245 0.3431528662420382 0.016317016317016316 0.052547770700636945
1 0.7756410256410257 0.2770700636942675 0.026806526806526808 0.07961783439490445
0 0.24883449883449885 0.17914012738853502 0.05944055944055944 0.042993630573248405
2 0.7022144522144522 0.5326433121019108 0.05944055944055944 0.04617834394904458
2 0.717948717948718 0.8017515923566879 0.030303030303030304 0.07165605095541401
1 0.16317016317016317 0.357484076433121 0.08158508158508158 0.06210191082802548
1 0.5093240093240093 0.8495222929936306 0.04195804195804196 0.12261146496815287
2 0.23135198135198135 0.4068471337579618 0.054778554778554776 0.11305732484076433
1 0.48776223776223776 0.05573248407643312 0.07342657342657342 0.05732484076433121
