2 0.15734265734265734 0.2229299363057325 0.06060606060606061 0.1178343949044586
1 0.3321678321678322 0.3893312101910828 0.06293706293706294 0.03662420382165605
1 0.47494172494172493 0.19665605095541402 0.05710955710955711 0.03662420382165605
1 0.3717948717948718 0.8296178343949044 0.055944055944055944 0.03184713375796178
2 0.46678321678321677 0.2921974522292994 0.08275058275058275 0.07802547770700637
2 0.8595571095571095 0.36942675159235666 0.04312354312354312 0.08598726114649681
2 0.9324009324009324 0.6998407643312102 0.03496503496503497 0.10031847133757962
2 0.8292540792540792 0.5342356687898089 0.038461538461538464 0.08439490445859872
2 0.7167832167832168 0.2802547770700637 0.02564102564102564 0.07006369426751592
1 0.20512820512820512 0.5334394904458599 0.016317016317016316 0.050955414012738856
