1 0.16724941724941725 0.35589171974522293 0.09207459207459208 0.06528662420382166
0 0.014568764568764568 0.3001592356687898 0.017482517482517484 0.052547770700636945
1 0.8548951048951049 0.33678343949044587 0.03146853146853147 0.06210191082802548
1 0.9388111888111889 0.1942675159235669 0.08275058275058275 0.20063694267515925
0 0.5541958041958042 0.6273885350318471 0.05244755244755245 0.041401273885350316
1 0.07167832167832168 0.8248407643312102 0.017482517482517484 0.054140127388535034
1 0.5990675990675991 0.929140127388535 0.055944055944055944 0.03662420382165605
0 0.49417249417249415 0.7229299363057324 0.037296037296037296 0.07643312101910828
0 0.06701631701631702 0.714171974522293 0.06876456876456877 0.06210191082802548
1 0.532051282051282 0.24203821656050956 0.06643356643356643 0.04777070063694268
