2 0.5308857808857809 0.429140127388535 0.038461538461538464 0.08439490445859872
0 0.7173659673659674 0.46894904458598724 0.054778554778554776 0.11305732484076433
1 0.1794871794871795 0.7101910828025477 0.08158508158508158 0.06050955414012739
0 0.48484848484848486 0.6878980891719745 0.05827505827505827 0.050955414012738856
0 0.5553613053613053 0.714171974522293 0.05710955710955711 0.0589171974522293
0 0.541958041958042 0.16560509554140126 0.03496503496503497 0.07006369426751592
2 0.6357808857808858 0.17197452229299362 0.019813519813519812 0.050955414012738856
1 0.8613053613053613 0.9331210191082803 0.027972027972027972 0.07961783439490445
2 0.715034965034965 0.1695859872611465 0.05944055944055944 0.04617834394904458
0 0.46678321678321677 0.3535031847133758 0.06876456876456877 0.04777070063694268
