1 0.0944055944055944 0.8383757961783439 0.05128205128205128 0.11942675159235669
1 0.9527972027972028 0.5151273885350318 0.038461538461538464 0.08439490445859872
1 0.055944055944055944 0.49044585987261147 0.03496503496503497 0.022292993630573247
2 0.26573426573426573 0.9609872611464968 0.030303030303030304 0.07165605095541401
1 0.10897435897435898 0.4769108280254777 0.03146853146853147 0.07165605095541401
1 0.3141025641025641 0.5079617834394905 0.04079254079254079 0.022292993630573247
1 0.7231934731934732 0.37579617834394907 0.06876456876456877 0.06369426751592357
2 0.27797202797202797 0.12181528662420382 0.0337995337995338 0.07802547770700637
1 0.3817016317016317 0.9689490445859873 0.038461538461538464 0.02388535031847134
1 0.9114219114219114 0.11464968152866242 0.13752913752913754 0.11464968152866242
