2 0.62004662004662 0.20222929936305734 0.02564102564102564 0.07643312101910828
0 0.8927738927738927 0.7699044585987261 0.02564102564102564 0.0589171974522293
0 0.8012820512820513 0.7507961783439491 0.06876456876456877 0.05573248407643312
1 0.8193473193473193 0.15684713375796178 0.06993006993006994 0.042993630573248405
2 0.6153846153846154 0.9171974522292994 0.06293706293706294 0.050955414012738856
1 0.6893939393939394 0.28423566878980894 0.05944055944055944 0.1321656050955414
0 0.8018648018648019 0.6886942675159236 0.0675990675990676 0.06210191082802548
1 0.09032634032634032 0.1679936305732484 0.04079254079254079 0.09713375796178345
2 0.022727272727272728 0.6202229299363057 0.03613053613053613 0.08439490445859872
1 0.8181818181818182 0.5995222929936306 0.053613053613053616 0.04617834394904458
