1 0.7033799533799534 0.5517515923566879 0.05710955710955711 0.12261146496815287
1 0.12179487179487179 0.7101910828025477 0.09906759906759907 0.08917197452229299
1 0.5046620046620046 0.0875796178343949 0.08158508158508158 0.06050955414012739
1 0.07342657342657342 0.9482484076433121 0.06993006993006994 0.04617834394904458
1 0.36072261072261075 0.22611464968152867 0.045454545454545456 0.1305732484076433
1 0.1864801864801865 0.695859872611465 0.016317016317016316 0.054140127388535034
0 0.5955710955710956 0.8646496815286624 0.06060606060606061 0.05732484076433121
2 0.18706293706293706 0.5676751592356688 0.0337995337995338 0.07802547770700637
2 0.7703962703962703 0.5318471337579618 0.037296037296037296 0.08598726114649681
1 0.7138694638694638 0.3232484076433121 0.045454545454545456 0.1305732484076433
