1 0.9848484848484849 0.8535031847133758 0.016317016317016316 0.050955414012738856
0 0.3688811188811189 0.32245222929936307 0.05944055944055944 0.04617834394904458
1 0.8741258741258742 0.6361464968152867 0.04428904428904429 0.03980891719745223
2 0.5128205128205128 0.1695859872611465 0.046620046620046623 0.030254777070063694
0 0.9463869463869464 0.410828025477707 0.03496503496503497 0.0732484076433121
0 0.9452214452214452 0.2643312101910828 0.05128205128205128 0.04777070063694268
1 0.2517482517482518 0.12181528662420382 0.030303030303030304 0.0875796178343949
2 0.7575757575757576 0.5644904458598726 0.030303030303030304 0.07165605095541401
1 0.07459207459207459 0.9028662420382165 0.039627039627039624 0.025477707006369428
1 0.627039627039627 0.6918789808917197 0.07925407925407925 0.04936305732484077
