2 0.1386946386946387 0.17754777070063693 0.02564102564102564 0.06847133757961783
2 0.3210955710955711 0.3304140127388535 0.08741258741258741 0.0589171974522293
0 0.4597902097902098 0.3765923566878981 0.0944055944055944 0.18630573248407642
1 0.5775058275058275 0.9211783439490446 0.029137529137529136 0.0875796178343949
1 0.877039627039627 0.32404458598726116 0.05944055944055944 0.1321656050955414
0 0.28263403263403264 0.8503184713375797 0.07575757575757576 0.054140127388535034
1 0.6771561771561772 0.13455414012738853 0.03263403263403263 0.09076433121019108
1 0.8595571095571095 0.8160828025477707 0.05944055944055944 0.1321656050955414
2 0.06177156177156177 0.5947452229299363 0.037296037296037296 0.08439490445859872
1 0.7983682983682984 0.9323248407643312 0.039627039627039624 0.02388535031847134
