2 0.15792540792540793 0.8590764331210191 0.029137529137529136 0.07165605095541401
1 0.5372960372960373 0.4721337579617834 0.04428904428904429 0.12261146496815287
1 0.1853146853146853 0.9068471337579618 0.039627039627039624 0.02388535031847134
1 0.3374125874125874 0.3718152866242038 0.08275058275058275 0.07484076433121019
1 0.9207459207459208 0.3320063694267516 0.013986013986013986 0.08121019108280254
2 0.553030303030303 0.3718152866242038 0.022144522144522144 0.06210191082802548
0 0.20804195804195805 0.6751592356687898 0.06876456876456877 0.054140127388535034
2 0.8257575757575758 0.5628980891719745 0.0337995337995338 0.07802547770700637
0 0.04487179487179487 0.8765923566878981 0.038461538461538464 0.07484076433121019
1 0.2913752913752914 0.22213375796178345 0.08391608391608392 0.07484076433121019
