1 0.5477855477855478 0.2714968152866242 0.016317016317016316 0.052547770700636945
1 0.38519813519813517 0.4737261146496815 0.09207459207459208 0.06528662420382166
1 0.9545454545454546 0.571656050955414 0.06060606060606061 0.06369426751592357
2 0.6532634032634033 0.5437898089171974 0.045454545454545456 0.042993630573248405
1 0.6025641025641025 0.642515923566879 0.08158508158508158 0.06210191082802548
0 0.2668997668997669 0.12977707006369427 0.030303030303030304 0.07165605095541401
0 0.49184149184149184 0.7826433121019108 0.04195804195804196 0.030254777070063694
0 0.20163170163170163 0.7181528662420382 0.027972027972027972 0.07961783439490445
2 0.29545454545454547 0.48168789808917195 0.06177156177156177 0.052547770700636945
1 0.42074592074592077 0.2428343949044586 0.05827505827505827 0.03662420382165605
