2 0.23892773892773891 0.3893312101910828 0.027972027972027972 0.06847133757961783
1 0.6998834498834499 0.6703821656050956 0.09207459207459208 0.05732484076433121
2 0.3111888111888112 0.9426751592356688 0.03263403263403263 0.10191082802547771
1 0.20512820512820512 0.05573248407643312 0.05827505827505827 0.03821656050955414
1 0.12412587412587413 0.13853503184713375 0.08974358974358974 0.054140127388535034
1 0.11713286713286714 0.2802547770700637 0.05944055944055944 0.1305732484076433
1 0.5058275058275058 0.9402866242038217 0.03496503496503497 0.08439490445859872
1 0.6824009324009324 0.5199044585987261 0.0337995337995338 0.08439490445859872
2 0.3111888111888112 0.5485668789808917 0.05827505827505827 0.03662420382165605
2 0.26048951048951047 0.8375796178343949 0.029137529137529136 0.08280254777070063
