1 0.09382284382284382 0.04060509554140127 0.06177156177156177 0.03980891719745223
1 0.05710955710955711 0.5764331210191083 0.07692307692307693 0.06687898089171974
1 0.5087412587412588 0.1624203821656051 0.045454545454545456 0.12420382165605096
1 0.391025641025641 0.6568471337579618 0.05944055944055944 0.1321656050955414
1 0.8286713286713286 0.304140127388535 0.14219114219114218 0.11464968152866242
2 0.0641025641025641 0.9418789808917197 0.039627039627039624 0.07484076433121019
2 0.04428904428904429 0.1106687898089172 0.030303030303030304 0.07165605095541401
2 0.48776223776223776 0.25955414012738853 0.017482517482517484 0.05732484076433121
1 0.9481351981351981 0.8702229299363057 0.038461538461538464 0.02388535031847134
1 0.16724941724941725 0.37579617834394907 0.13636363636363635 0.08917197452229299
