2 0.6736596736596736 0.14410828025477707 0.053613053613053616 0.042993630573248405
1 0.6043123543123543 0.22929936305732485 0.05244755244755245 0.13694267515923567
2 0.2902097902097902 0.9251592356687898 0.023310023310023312 0.06687898089171974
1 0.9306526806526807 0.6878980891719745 0.04079254079254079 0.08917197452229299
1 0.055944055944055944 0.37261146496815284 0.055944055944055944 0.054140127388535034
1 0.9312354312354313 0.7945859872611465 0.02564102564102564 0.07643312101910828
1 0.10198135198135198 0.9546178343949044 0.06177156177156177 0.03980891719745223
2 0.06701631701631702 0.8773885350318471 0.05244755244755245 0.041401273885350316
1 0.1561771561771562 0.15764331210191082 0.030303030303030304 0.06369426751592357
0 0.3321678321678322 0.3049363057324841 0.02564102564102564 0.07165605095541401
