1 0.9393939393939394 0.2754777070063694 0.06293706293706294 0.04777070063694268
2 0.8304195804195804 0.1926751592356688 0.10139860139860139 0.07006369426751592
1 0.1048951048951049 0.30812101910828027 0.08624708624708624 0.06210191082802548
1 0.24417249417249418 0.15047770700636942 0.04312354312354312 0.12261146496815287
1 0.3280885780885781 0.2014331210191083 0.029137529137529136 0.08121019108280254
0 0.5944055944055944 0.23646496815286625 0.08857808857808858 0.07802547770700637
1 0.5163170163170163 0.4785031847133758 0.06060606060606061 0.04936305732484077
1 0.7191142191142191 0.20382165605095542 0.08158508158508158 0.06050955414012739
0 0.6993006993006993 0.3065286624203822 0.05827505827505827 0.052547770700636945
2 0.3385780885780886 0.49363057324840764 0.03146853146853147 0.06369426751592357
