1 0.5413752913752914 0.5621019108280255 0.1386946386946387 0.09554140127388536
1 0.9055944055944056 0.39888535031847133 0.09557109557109557 0.06210191082802548
1 0.19172494172494173 0.3105095541401274 0.038461538461538464 0.022292993630573247
1 0.0780885780885781 0.29378980891719747 0.09557109557109557 0.08121019108280254
2 0.8560606060606061 0.5135350318471338 0.038461538461538464 0.08439490445859872
1 0.5285547785547785 0.8001592356687898 0.1386946386946387 0.09713375796178345
1 0.3572261072261072 0.6918789808917197 0.09906759906759907 0.09076433121019108
1 0.7558275058275058 0.3320063694267516 0.12703962703962704 0.0875796178343949
0 0.6252913752913752 0.06369426751592357 0.05944055944055944 0.04777070063694268
0 0.14918414918414918 0.6735668789808917 0.055944055944055944 0.050955414012738856
