0 0.3682983682983683 0.8980891719745223 0.055944055944055944 0.054140127388535034
1 0.8193473193473193 0.9490445859872612 0.07459207459207459 0.041401273885350316
2 0.3578088578088578 0.6504777070063694 0.055944055944055944 0.03662420382165605
1 0.06177156177156177 0.30812101910828027 0.02564102564102564 0.08121019108280254
0 0.04895104895104895 0.4323248407643312 0.046620046620046623 0.0875796178343949
0 0.4865967365967366 0.14729299363057324 0.05710955710955711 0.04617834394904458
2 0.8851981351981352 0.3821656050955414 0.0780885780885781 0.050955414012738856
1 0.2913752913752914 0.5867834394904459 0.055944055944055944 0.03980891719745223
1 0.3583916083916084 0.7308917197452229 0.054778554778554776 0.12101910828025478
0 0.49475524475524474 0.32245222929936307 0.03146853146853147 0.06210191082802548
