1 0.4195804195804196 0.10191082802547771 0.08158508158508158 0.06050955414012739
0 0.8420745920745921 0.32404458598726116 0.0337995337995338 0.07165605095541401
1 0.20804195804195805 0.7603503184713376 0.09906759906759907 0.09394904458598727
1 0.682983682983683 0.49363057324840764 0.04195804195804196 0.05732484076433121
1 0.7750582750582751 0.8845541401273885 0.13286713286713286 0.09713375796178345
1 0.7855477855477856 0.3630573248407643 0.03496503496503497 0.07006369426751592
2 0.1660839160839161 0.625 0.038461538461538464 0.08439490445859872
0 0.4131701631701632 0.7802547770700637 0.038461538461538464 0.08280254777070063
0 0.835081585081585 0.05573248407643312 0.06177156177156177 0.050955414012738856
1 0.4970862470862471 0.607484076433121 0.05944055944055944 0.1321656050955414
