1 0.11946386946386946 0.5621019108280255 0.047785547785547784 0.1337579617834395
0 0.44696969696969696 0.18312101910828024 0.05244755244755245 0.041401273885350316
2 0.34440559440559443 0.9052547770700637 0.05944055944055944 0.04617834394904458
1 0.5862470862470862 0.09474522292993631 0.13986013986013987 0.09394904458598727
1 0.0844988344988345 0.4140127388535032 0.05944055944055944 0.1305732484076433
0 0.42599067599067597 0.679140127388535 0.05244755244755245 0.03980891719745223
1 0.2540792540792541 0.9164012738853503 0.030303030303030304 0.06847133757961783
2 0.8199300699300699 0.6218152866242038 0.0337995337995338 0.07165605095541401
0 0.8292540792540792 0.7945859872611465 0.038461538461538464 0.08598726114649681
1 0.28088578088578087 0.2898089171974522 0.027972027972027972 0.07961783439490445
