1 0.10664335664335664 0.19904458598726116 0.0944055944055944 0.05732484076433121
1 0.358974358974359 0.7778662420382165 0.0675990675990676 0.1735668789808917
1 0.21561771561771562 0.8383757961783439 0.04195804195804196 0.12579617834394904
2 0.041375291375291376 0.7237261146496815 0.05944055944055944 0.03980891719745223
1 0.7476689976689976 0.22213375796178345 0.05944055944055944 0.1321656050955414
1 0.4428904428904429 0.2906050955414013 0.09557109557109557 0.06210191082802548
0 0.6054778554778555 0.6281847133757962 0.0944055944055944 0.0875796178343949
1 0.08624708624708624 0.41003184713375795 0.04195804195804196 0.12579617834394904
1 0.548951048951049 0.8542993630573248 0.03496503496503497 0.06847133757961783
1 0.2534965034965035 0.7285031847133758 0.13403263403263405 0.09076433121019108
