1 0.2162004662004662 0.12579617834394904 0.04312354312354312 0.06050955414012739
1 0.5996503496503497 0.4068471337579618 0.09207459207459208 0.06528662420382166
1 0.058857808857808856 0.7444267515923567 0.05944055944055944 0.1321656050955414
2 0.2733100233100233 0.9482484076433121 0.038461538461538464 0.08121019108280254
1 0.4388111888111888 0.2412420382165605 0.09207459207459208 0.07165605095541401
2 0.6806526806526807 0.8590764331210191 0.030303030303030304 0.07165605095541401
0 0.155011655011655 0.2603503184713376 0.07692307692307693 0.06210191082802548
1 0.48426573426573427 0.09076433121019108 0.017482517482517484 0.050955414012738856
1 0.2966200466200466 0.4888535031847134 0.13636363636363635 0.09235668789808917
1 0.32284382284382285 0.6273885350318471 0.04195804195804196 0.05732484076433121
