0 0.8921911421911422 0.75 0.04079254079254079 0.07961783439490445
1 0.21153846153846154 0.6823248407643312 0.05944055944055944 0.1321656050955414
2 0.2768065268065268 0.6711783439490446 0.06177156177156177 0.052547770700636945
1 0.6963869463869464 0.33678343949044587 0.06876456876456877 0.04617834394904458
1 0.243006993006993 0.8742038216560509 0.03613053613053613 0.0732484076433121
1 0.8181818181818182 0.6003184713375797 0.018648018648018648 0.04777070063694268
2 0.9417249417249417 0.4753184713375796 0.037296037296037296 0.08439490445859872
2 0.6555944055944056 0.625 0.08041958041958042 0.052547770700636945
0 0.46736596736596736 0.446656050955414 0.0675990675990676 0.06528662420382166
1 0.09557109557109557 0.1910828025477707 0.08158508158508158 0.06050955414012739
