0 0.0641025641025641 0.6679936305732485 0.06526806526806526 0.04617834394904458
0 0.4020979020979021 0.2659235668789809 0.053613053613053616 0.04777070063694268
0 0.7231934731934732 0.48168789808917195 0.05944055944055944 0.042993630573248405
1 0.6171328671328671 0.06449044585987261 0.017482517482517484 0.052547770700636945
2 0.2057109557109557 0.392515923566879 0.06177156177156177 0.052547770700636945
0 0.2878787878787879 0.3996815286624204 0.037296037296037296 0.04777070063694268
1 0.701048951048951 0.8996815286624203 0.0337995337995338 0.0732484076433121
1 0.48484848484848486 0.5151273885350318 0.030303030303030304 0.08121019108280254
1 0.6072261072261073 0.8853503184713376 0.04428904428904429 0.11146496815286625
2 0.7843822843822844 0.5923566878980892 0.06060606060606061 0.1178343949044586
