1 0.3525641025641026 0.6727707006369427 0.05944055944055944 0.1321656050955414
1 0.2738927738927739 0.3622611464968153 0.039627039627039624 0.02388535031847134
1 0.20163170163170163 0.947452229299363 0.08158508158508158 0.06050955414012739
2 0.8082750582750583 0.3479299363057325 0.015151515151515152 0.042993630573248405
2 0.42074592074592077 0.07961783439490445 0.053613053613053616 0.03821656050955414
2 0.18181818181818182 0.392515923566879 0.030303030303030304 0.07165605095541401
0 0.717948717948718 0.339171974522293 0.08857808857808858 0.07006369426751592
0 0.3782051282051282 0.8829617834394905 0.06177156177156177 0.052547770700636945
0 0.28496503496503495 0.9697452229299363 0.06876456876456877 0.054140127388535034
0 0.03787878787878788 0.6281847133757962 0.038461538461538464 0.07484076433121019
