2 0.8368298368298368 0.21098726114649682 0.027972027972027972 0.06847133757961783
2 0.8583916083916084 0.857484076433121 0.05710955710955711 0.04936305732484077
1 0.6212121212121212 0.35668789808917195 0.08158508158508158 0.06050955414012739
2 0.5973193473193473 0.7906050955414012 0.022144522144522144 0.06528662420382166
2 0.04020979020979021 0.6361464968152867 0.07109557109557109 0.04617834394904458
1 0.4201631701631702 0.17595541401273884 0.05944055944055944 0.1321656050955414
1 0.34265734265734266 0.3144904458598726 0.08158508158508158 0.06210191082802548
2 0.3537296037296037 0.2515923566878981 0.06876456876456877 0.044585987261146494
0 0.14743589743589744 0.08917197452229299 0.1386946386946387 0.1178343949044586
1 0.2686480186480186 0.5047770700636943 0.13636363636363635 0.09235668789808917
