1 0.3752913752913753 0.2778662420382166 0.08158508158508158 0.06210191082802548
0 0.541958041958042 0.6098726114649682 0.02564102564102564 0.06687898089171974
2 0.9277389277389277 0.20302547770700638 0.0675990675990676 0.15445859872611464
1 0.7202797202797203 0.22452229299363058 0.04195804195804196 0.1178343949044586
2 0.6386946386946387 0.4753184713375796 0.02564102564102564 0.07484076433121019
0 0.803030303030303 0.8136942675159236 0.04895104895104895 0.04777070063694268
1 0.6614219114219114 0.3304140127388535 0.054778554778554776 0.11305732484076433
2 0.44347319347319347 0.30812101910828027 0.038461538461538464 0.08439490445859872
1 0.30652680652680653 0.3049363057324841 0.023310023310023312 0.06847133757961783
2 0.8397435897435898 0.12261146496815287 0.06177156177156177 0.050955414012738856
