2 0.1148018648018648 0.31210191082802546 0.026806526806526808 0.08280254777070063
1 0.31876456876456877 0.12101910828025478 0.04079254079254079 0.022292993630573247
1 0.42132867132867136 0.25955414012738853 0.10839160839160839 0.18789808917197454
1 0.1445221445221445 0.08121019108280254 0.03496503496503497 0.022292993630573247
1 0.04895104895104895 0.5326433121019108 0.05128205128205128 0.08121019108280254
0 0.3881118881118881 0.7770700636942676 0.053613053613053616 0.04777070063694268
1 0.21328671328671328 0.6003184713375797 0.039627039627039624 0.022292993630573247
1 0.6019813519813519 0.4554140127388535 0.07109557109557109 0.05732484076433121
2 0.08624708624708624 0.570859872611465 0.02097902097902098 0.06528662420382166
1 0.8065268065268065 0.8654458598726115 0.08158508158508158 0.06210191082802548
