1 0.07400932400932402 0.946656050955414 0.038461538461538464 0.08439490445859872
1 0.8863636363636364 0.11624203821656051 0.04079254079254079 0.022292993630573247
1 0.2517482517482518 0.4482484076433121 0.04428904428904429 0.12579617834394904
1 0.8222610722610723 0.6130573248407644 0.07109557109557109 0.05732484076433121
1 0.5110722610722611 0.04777070063694268 0.03613053613053613 0.022292993630573247
2 0.42832167832167833 0.7603503184713376 0.0337995337995338 0.07165605095541401
2 0.8193473193473193 0.48487261146496813 0.02097902097902098 0.06210191082802548
1 0.9026806526806527 0.7507961783439491 0.05944055944055944 0.1321656050955414
2 0.23076923076923078 0.1409235668789809 0.037296037296037296 0.08439490445859872
0 0.4603729603729604 0.07245222929936306 0.02564102564102564 0.06847133757961783
