0 0.38752913752913754 0.9195859872611465 0.08275058275058275 0.07484076433121019
1 0.6888111888111889 0.8781847133757962 0.05128205128205128 0.11942675159235669
1 0.09557109557109557 0.6027070063694268 0.10955710955710955 0.08439490445859872
1 0.4603729603729604 0.9243630573248408 0.05128205128205128 0.04617834394904458
0 0.7482517482517482 0.28264331210191085 0.09557109557109557 0.18630573248407642
2 0.5407925407925408 0.9450636942675159 0.06060606060606061 0.03662420382165605
1 0.1486013986013986 0.47770700636942676 0.03146853146853147 0.08917197452229299
2 0.49242424242424243 0.5971337579617835 0.054778554778554776 0.12101910828025478
0 0.263986013986014 0.820859872611465 0.04312354312354312 0.09076433121019108
2 0.05652680652680653 0.04856687898089172 0.054778554778554776 0.03980891719745223
