1 0.12179487179487179 0.16480891719745222 0.03146853146853147 0.09713375796178345
1 0.777972027972028 0.9347133757961783 0.05944055944055944 0.1305732484076433
1 0.587995337995338 0.5222929936305732 0.045454545454545456 0.11146496815286625
0 0.8117715617715617 0.28662420382165604 0.038461538461538464 0.08598726114649681
1 0.13403263403263405 0.8789808917197452 0.07692307692307693 0.1337579617834395
2 0.6381118881118881 0.8089171974522293 0.029137529137529136 0.08280254777070063
0 0.12237762237762238 0.5310509554140127 0.030303030303030304 0.07165605095541401
0 0.8607226107226107 0.731687898089172 0.09906759906759907 0.09394904458598727
0 0.7622377622377622 0.7707006369426752 0.07925407925407925 0.07006369426751592
2 0.12062937062937062 0.45302547770700635 0.06177156177156177 0.052547770700636945
