1 0.460955710955711 0.5318471337579618 0.09207459207459208 0.06050955414012739
1 0.6509324009324009 0.73328025477707 0.017482517482517484 0.05573248407643312
2 0.5384615384615384 0.24920382165605096 0.039627039627039624 0.10668789808917198
2 0.8793706293706294 0.6855095541401274 0.0337995337995338 0.07802547770700637
0 0.7517482517482518 0.19187898089171976 0.04428904428904429 0.09394904458598727
1 0.8321678321678322 0.1807324840764331 0.0675990675990676 0.1735668789808917
1 0.3117715617715618 0.6234076433121019 0.06876456876456877 0.18312101910828024
0 0.22377622377622378 0.964968152866242 0.0675990675990676 0.04777070063694268
1 0.4796037296037296 0.7420382165605095 0.05944055944055944 0.03821656050955414
1 0.23251748251748253 0.7022292993630573 0.017482517482517484 0.050955414012738856
