0 0.3123543123543124 0.8248407643312102 0.055944055944055944 0.050955414012738856
2 0.2196969696969697 0.4880573248407643 0.06177156177156177 0.052547770700636945
0 0.2331002331002331 0.6863057324840764 0.030303030303030304 0.06369426751592357
1 0.8776223776223776 0.4323248407643312 0.07692307692307693 0.052547770700636945
2 0.27797202797202797 0.34156050955414013 0.05011655011655012 0.03343949044585987
0 0.9061771561771562 0.2635350318471338 0.0641025641025641 0.0589171974522293
0 0.7558275058275058 0.16480891719745222 0.07575757575757576 0.12898089171974522
1 0.29603729603729606 0.5740445859872612 0.046620046620046623 0.09394904458598727
2 0.07400932400932402 0.42595541401273884 0.06177156177156177 0.052547770700636945
0 0.7750582750582751 0.5963375796178344 0.06293706293706294 0.052547770700636945
