1 0.8356643356643356 0.6273885350318471 0.08158508158508158 0.06050955414012739
1 0.4574592074592075 0.9148089171974523 0.05011655011655012 0.03662420382165605
1 0.7558275058275058 0.21178343949044587 0.05944055944055944 0.1305732484076433
1 0.5705128205128205 0.07722929936305732 0.09906759906759907 0.08121019108280254
1 0.229020979020979 0.8479299363057324 0.06876456876456877 0.06210191082802548
2 0.8479020979020979 0.5628980891719745 0.05244755244755245 0.03980891719745223
1 0.8321678321678322 0.2571656050955414 0.08158508158508158 0.06210191082802548
1 0.6835664335664335 0.4729299363057325 0.03146853146853147 0.09235668789808917
0 0.3275058275058275 0.06130573248407643 0.07692307692307693 0.06210191082802548
0 0.6130536130536131 0.89171974522293 0.053613053613053616 0.05732484076433121
