1 0.7803030303030303 0.1926751592356688 0.024475524475524476 0.07006369426751592
2 0.041375291375291376 0.09076433121019108 0.038461538461538464 0.08598726114649681
1 0.6223776223776224 0.8367834394904459 0.027972027972027972 0.08121019108280254
1 0.4831002331002331 0.8813694267515924 0.0780885780885781 0.06528662420382166
1 0.4026806526806527 0.19347133757961785 0.054778554778554776 0.11305732484076433
1 0.7977855477855478 0.35429936305732485 0.045454545454545456 0.10987261146496816
1 0.24883449883449885 0.37420382165605093 0.03146853146853147 0.09554140127388536
1 0.5367132867132867 0.2611464968152866 0.038461538461538464 0.11146496815286625
2 0.5005827505827506 0.304140127388535 0.029137529137529136 0.07961783439490445
2 0.02097902097902098 0.23487261146496816 0.037296037296037296 0.02388535031847134
