1 0.1451048951048951 0.7874203821656051 0.05944055944055944 0.04936305732484077
2 0.6771561771561772 0.6592356687898089 0.03263403263403263 0.10191082802547771
2 0.2942890442890443 0.42754777070063693 0.0337995337995338 0.07802547770700637
1 0.44522144522144524 0.8805732484076433 0.07692307692307693 0.06687898089171974
2 0.38519813519813517 0.15843949044585987 0.015151515151515152 0.03980891719745223
1 0.6182983682983683 0.18789808917197454 0.05244755244755245 0.041401273885350316
1 0.9114219114219114 0.5406050955414012 0.03496503496503497 0.06847133757961783
1 0.14102564102564102 0.17834394904458598 0.06993006993006994 0.06369426751592357
1 0.9417249417249417 0.2730891719745223 0.04428904428904429 0.12898089171974522
2 0.3939393939393939 0.125 0.037296037296037296 0.027070063694267517
