1 0.6188811188811189 0.8073248407643312 0.04195804195804196 0.05732484076433121
2 0.20804195804195805 0.1377388535031847 0.06177156177156177 0.052547770700636945
2 0.27913752913752915 0.23328025477707007 0.06643356643356643 0.03980891719745223
1 0.546037296037296 0.8288216560509554 0.054778554778554776 0.11305732484076433
0 0.9434731934731935 0.4498407643312102 0.038461538461538464 0.08121019108280254
2 0.4527972027972028 0.2428343949044586 0.0337995337995338 0.07802547770700637
1 0.07342657342657342 0.2229299363057325 0.06993006993006994 0.06369426751592357
1 0.8036130536130536 0.927547770700637 0.05944055944055944 0.1321656050955414
1 0.42773892773892774 0.10111464968152867 0.08158508158508158 0.06210191082802548
2 0.6130536130536131 0.6902866242038217 0.039627039627039624 0.08121019108280254
