0 0.28088578088578087 0.3479299363057325 0.06293706293706294 0.052547770700636945
2 0.9277389277389277 0.8861464968152867 0.037296037296037296 0.027070063694267517
2 0.6882284382284383 0.8614649681528662 0.09906759906759907 0.06369426751592357
0 0.9172494172494172 0.08519108280254777 0.0675990675990676 0.15764331210191082
1 0.6934731934731935 0.1624203821656051 0.055944055944055944 0.03503184713375796
1 0.5250582750582751 0.7014331210191083 0.045454545454545456 0.11305732484076433
1 0.6089743589743589 0.44187898089171973 0.05944055944055944 0.1321656050955414
1 0.1386946386946387 0.8527070063694268 0.0675990675990676 0.06528662420382166
1 0.42599067599067597 0.5628980891719745 0.017482517482517484 0.052547770700636945
1 0.6153846153846154 0.643312101910828 0.08624708624708624 0.054140127388535034
