2 0.960955710955711 0.4713375796178344 0.06876456876456877 0.044585987261146494
1 0.7377622377622378 0.7285031847133758 0.030303030303030304 0.08439490445859872
1 0.1048951048951049 0.4856687898089172 0.03263403263403263 0.08917197452229299
2 0.8787878787878788 0.4697452229299363 0.053613053613053616 0.03821656050955414
1 0.6287878787878788 0.4315286624203822 0.04079254079254079 0.022292993630573247
1 0.3344988344988345 0.3288216560509554 0.04428904428904429 0.11942675159235669
1 0.09615384615384616 0.8296178343949044 0.06643356643356643 0.04777070063694268
0 0.042540792540792544 0.3638535031847134 0.026806526806526808 0.06528662420382166
0 0.43997668997669 0.17436305732484075 0.0641025641025641 0.04936305732484077
2 0.26456876456876455 0.9052547770700637 0.030303030303030304 0.07165605095541401
