1 0.8228438228438228 0.10589171974522293 0.08158508158508158 0.06210191082802548
2 0.08566433566433566 0.32802547770700635 0.038461538461538464 0.08917197452229299
0 0.45104895104895104 0.76671974522293 0.039627039627039624 0.027070063694267517
1 0.09731934731934731 0.7977707006369427 0.017482517482517484 0.054140127388535034
0 0.13403263403263405 0.6353503184713376 0.0979020979020979 0.09235668789808917
0 0.09149184149184149 0.7181528662420382 0.019813519813519812 0.06050955414012739
1 0.6818181818181818 0.8105095541401274 0.039627039627039624 0.022292993630573247
1 0.7214452214452215 0.6584394904458599 0.023310023310023312 0.06847133757961783
1 0.6952214452214452 0.2531847133757962 0.0944055944055944 0.06050955414012739
1 0.5594405594405595 0.7882165605095541 0.07226107226107226 0.05732484076433121
