0 0.6934731934731935 0.20461783439490447 0.05128205128205128 0.04617834394904458
2 0.06934731934731934 0.6281847133757962 0.06177156177156177 0.052547770700636945
1 0.17715617715617715 0.7093949044585988 0.04428904428904429 0.10987261146496816
2 0.4114219114219114 0.3288216560509554 0.02097902097902098 0.05573248407643312
1 0.28613053613053613 0.06687898089171974 0.10372960372960373 0.11146496815286625
1 0.6824009324009324 0.9323248407643312 0.09673659673659674 0.08121019108280254
2 0.26573426573426573 0.9171974522292994 0.055944055944055944 0.03821656050955414
0 0.8630536130536131 0.7436305732484076 0.038461538461538464 0.07643312101910828
2 0.31876456876456877 0.320859872611465 0.029137529137529136 0.07802547770700637
1 0.784965034965035 0.7492038216560509 0.017482517482517484 0.052547770700636945
