1 0.15675990675990675 0.18869426751592358 0.09673659673659674 0.08121019108280254
1 0.14219114219114218 0.8646496815286624 0.07692307692307693 0.1337579617834395
2 0.48951048951048953 0.8702229299363057 0.04895104895104895 0.1321656050955414
1 0.14160839160839161 0.38136942675159236 0.09673659673659674 0.08121019108280254
1 0.5168997668997669 0.51671974522293 0.06876456876456877 0.06210191082802548
0 0.5664335664335665 0.7093949044585988 0.03263403263403263 0.06847133757961783
1 0.9108391608391608 0.27229299363057324 0.03146853146853147 0.09235668789808917
1 0.798951048951049 0.482484076433121 0.09207459207459208 0.08917197452229299
2 0.09149184149184149 0.677547770700637 0.10372960372960373 0.07802547770700637
2 0.42657342657342656 0.3463375796178344 0.07925407925407925 0.052547770700636945
