1 0.9102564102564102 0.375 0.04895104895104895 0.12579617834394904
2 0.9283216783216783 0.49363057324840764 0.038461538461538464 0.08280254777070063
1 0.46503496503496505 0.6719745222929936 0.08158508158508158 0.06050955414012739
0 0.8100233100233101 0.46576433121019106 0.09557109557109557 0.09076433121019108
1 0.8397435897435898 0.29936305732484075 0.026806526806526808 0.07961783439490445
1 0.3747086247086247 0.714968152866242 0.08275058275058275 0.04777070063694268
1 0.5565268065268065 0.6289808917197452 0.029137529137529136 0.08598726114649681
0 0.33624708624708627 0.46735668789808915 0.06876456876456877 0.04617834394904458
2 0.25466200466200467 0.5883757961783439 0.05244755244755245 0.13535031847133758
2 0.9178321678321678 0.7898089171974523 0.026806526806526808 0.07006369426751592
