1 0.3409090909090909 0.32404458598726116 0.029137529137529136 0.08121019108280254
1 0.763986013986014 0.18312101910828024 0.05944055944055944 0.1305732484076433
1 0.1660839160839161 0.3248407643312102 0.09673659673659674 0.09554140127388536
2 0.5337995337995338 0.1823248407643312 0.039627039627039624 0.10668789808917198
1 0.04836829836829837 0.4171974522292994 0.08041958041958042 0.06369426751592357
1 0.40034965034965037 0.5931528662420382 0.08275058275058275 0.07484076433121019
1 0.5990675990675991 0.8335987261146497 0.06060606060606061 0.03980891719745223
0 0.4568764568764569 0.7953821656050956 0.0979020979020979 0.0875796178343949
0 0.8473193473193473 0.18869426751592358 0.07692307692307693 0.04617834394904458
2 0.6911421911421911 0.5199044585987261 0.027972027972027972 0.06847133757961783
