0 0.8327505827505828 0.3375796178343949 0.038461538461538464 0.08598726114649681
1 0.9224941724941725 0.7786624203821656 0.0944055944055944 0.05732484076433121
2 0.539044289044289 0.07404458598726114 0.0944055944055944 0.0589171974522293
1 0.3939393939393939 0.6871019108280255 0.08158508158508158 0.06210191082802548
1 0.1486013986013986 0.6011146496815286 0.05710955710955711 0.03662420382165605
2 0.43065268065268064 0.24601910828025478 0.047785547785547784 0.03662420382165605
1 0.087995337995338 0.8773885350318471 0.05944055944055944 0.1305732484076433
2 0.6824009324009324 0.31130573248407645 0.038461538461538464 0.07484076433121019
1 0.25932400932400934 0.40843949044585987 0.09673659673659674 0.08121019108280254
1 0.34965034965034963 0.5398089171974523 0.05128205128205128 0.04777070063694268
