0 0.6252913752913752 0.5214968152866242 0.038461538461538464 0.08439490445859872
1 0.9155011655011654 0.570859872611465 0.038461538461538464 0.02388535031847134
2 0.07867132867132867 0.696656050955414 0.06177156177156177 0.052547770700636945
2 0.5099067599067599 0.07404458598726114 0.03613053613053613 0.09076433121019108
2 0.803030303030303 0.6226114649681529 0.07692307692307693 0.050955414012738856
1 0.5233100233100233 0.20302547770700638 0.039627039627039624 0.02388535031847134
0 0.5034965034965035 0.785828025477707 0.05827505827505827 0.04617834394904458
0 0.36247086247086246 0.8463375796178344 0.04195804195804196 0.0875796178343949
1 0.9341491841491841 0.23646496815286625 0.05944055944055944 0.1321656050955414
2 0.581002331002331 0.30971337579617836 0.08275058275058275 0.07484076433121019
