2 0.585081585081585 0.30095541401273884 0.030303030303030304 0.07006369426751592
0 0.1998834498834499 0.8431528662420382 0.06177156177156177 0.052547770700636945
0 0.6451048951048951 0.2945859872611465 0.054778554778554776 0.12101910828025478
1 0.18822843822843824 0.25557324840764334 0.047785547785547784 0.06210191082802548
1 0.7482517482517482 0.6313694267515924 0.05128205128205128 0.0875796178343949
1 0.09207459207459208 0.2213375796178344 0.04428904428904429 0.11464968152866242
2 0.6503496503496503 0.12738853503184713 0.07226107226107226 0.044585987261146494
1 0.9708624708624709 0.45461783439490444 0.030303030303030304 0.07165605095541401
1 0.4772727272727273 0.6122611464968153 0.09207459207459208 0.06528662420382166
0 0.5186480186480187 0.3606687898089172 0.027972027972027972 0.06847133757961783
