1 0.8164335664335665 0.7603503184713376 0.08275058275058275 0.06210191082802548
0 0.8811188811188811 0.8861464968152867 0.06060606060606061 0.06528662420382166
1 0.3811188811188811 0.10828025477707007 0.08391608391608392 0.050955414012738856
2 0.6736596736596736 0.35828025477707004 0.07692307692307693 0.050955414012738856
2 0.3945221445221445 0.7603503184713376 0.0337995337995338 0.07802547770700637
1 0.2511655011655012 0.07085987261146497 0.04312354312354312 0.11942675159235669
0 0.8432400932400932 0.06767515923566879 0.054778554778554776 0.11305732484076433
2 0.546037296037296 0.38296178343949044 0.0337995337995338 0.07802547770700637
1 0.20745920745920746 0.5509554140127388 0.06993006993006994 0.06369426751592357
0 0.8467365967365967 0.5565286624203821 0.06177156177156177 0.12898089171974522
