1 0.8904428904428905 0.24044585987261147 0.06060606060606061 0.041401273885350316
1 0.5058275058275058 0.32722929936305734 0.030303030303030304 0.07165605095541401
0 0.16200466200466201 0.2515923566878981 0.053613053613053616 0.05732484076433121
2 0.4796037296037296 0.8909235668789809 0.029137529137529136 0.08121019108280254
1 0.13228438228438227 0.5772292993630573 0.05944055944055944 0.1321656050955414
1 0.5815850815850816 0.15684713375796178 0.13986013986013987 0.09394904458598727
2 0.46736596736596736 0.32404458598726116 0.027972027972027972 0.06847133757961783
2 0.5804195804195804 0.6934713375796179 0.027972027972027972 0.06847133757961783
2 0.11188811188811189 0.34156050955414013 0.053613053613053616 0.042993630573248405
0 0.4219114219114219 0.03662420382165605 0.09557109557109557 0.07006369426751592
