1 0.5093240093240093 0.2818471337579618 0.03496503496503497 0.07006369426751592
1 0.715034965034965 0.9148089171974523 0.04079254079254079 0.0875796178343949
2 0.5786713286713286 0.7046178343949044 0.03146853146853147 0.08439490445859872
1 0.7616550116550117 0.6934713375796179 0.038461538461538464 0.07484076433121019
2 0.38403263403263405 0.4171974522292994 0.038461538461538464 0.08917197452229299
2 0.9790209790209791 0.8957006369426752 0.027972027972027972 0.06847133757961783
0 0.6701631701631702 0.5915605095541401 0.027972027972027972 0.06210191082802548
1 0.03146853146853147 0.39888535031847133 0.018648018648018648 0.052547770700636945
1 0.8292540792540792 0.25079617834394907 0.05944055944055944 0.1321656050955414
2 0.49009324009324007 0.73328025477707 0.05944055944055944 0.04617834394904458
