2 0.29953379953379955 0.7651273885350318 0.03496503496503497 0.10031847133757962
1 0.4761072261072261 0.7539808917197452 0.06876456876456877 0.18312101910828024
1 0.16083916083916083 0.8081210191082803 0.018648018648018648 0.05573248407643312
0 0.34615384615384615 0.3471337579617834 0.037296037296037296 0.08598726114649681
2 0.18764568764568765 0.4020700636942675 0.030303030303030304 0.07165605095541401
2 0.5559440559440559 0.5031847133757962 0.030303030303030304 0.07961783439490445
1 0.6118881118881119 0.6265923566878981 0.08158508158508158 0.06210191082802548
1 0.23601398601398602 0.8049363057324841 0.054778554778554776 0.11305732484076433
1 0.19055944055944055 0.5318471337579618 0.0641025641025641 0.04777070063694268
1 0.8041958041958042 0.13535031847133758 0.039627039627039624 0.025477707006369428
