0 0.7703962703962703 0.6027070063694268 0.023310023310023312 0.06847133757961783
1 0.28846153846153844 0.07722929936305732 0.05944055944055944 0.1321656050955414
1 0.22785547785547786 0.2961783439490446 0.07109557109557109 0.05732484076433121
0 0.671911421911422 0.09713375796178345 0.03613053613053613 0.04777070063694268
1 0.27855477855477856 0.821656050955414 0.04428904428904429 0.11464968152866242
0 0.3578088578088578 0.8964968152866242 0.08158508158508158 0.06050955414012739
1 0.6818181818181818 0.7945859872611465 0.06993006993006994 0.12738853503184713
2 0.6975524475524476 0.39729299363057324 0.03146853146853147 0.07802547770700637
1 0.8286713286713286 0.6552547770700637 0.055944055944055944 0.03662420382165605
1 0.46153846153846156 0.804140127388535 0.09090909090909091 0.05732484076433121
