1 0.49125874125874125 0.589968152866242 0.038461538461538464 0.08439490445859872
1 0.44813519813519814 0.2428343949044586 0.05944055944055944 0.1321656050955414
2 0.2768065268065268 0.1664012738853503 0.038461538461538464 0.08439490445859872
1 0.479020979020979 0.8845541401273885 0.04895104895104895 0.04617834394904458
1 0.09032634032634032 0.695859872611465 0.045454545454545456 0.11146496815286625
2 0.717948717948718 0.7380573248407644 0.06060606060606061 0.052547770700636945
1 0.6013986013986014 0.1751592356687898 0.10722610722610723 0.11464968152866242
0 0.7972027972027972 0.7014331210191083 0.06293706293706294 0.052547770700636945
0 0.3986013986013986 0.6552547770700637 0.07226107226107226 0.14171974522292993
1 0.2703962703962704 0.3519108280254777 0.06060606060606061 0.06050955414012739
