2 0.2768065268065268 0.7030254777070064 0.029137529137529136 0.08439490445859872
1 0.31585081585081587 0.375 0.04428904428904429 0.08121019108280254
1 0.43414918414918413 0.9562101910828026 0.09207459207459208 0.06528662420382166
2 0.2733100233100233 0.6170382165605095 0.06177156177156177 0.03980891719745223
2 0.2896270396270396 0.041401273885350316 0.029137529137529136 0.07006369426751592
1 0.11946386946386946 0.21894904458598727 0.026806526806526808 0.0589171974522293
2 0.7488344988344988 0.3590764331210191 0.06177156177156177 0.052547770700636945
2 0.3677156177156177 0.5788216560509554 0.05710955710955711 0.042993630573248405
0 0.2331002331002331 0.44904458598726116 0.1048951048951049 0.18471337579617833
1 0.8228438228438228 0.5414012738853503 0.030303030303030304 0.06050955414012739
