1 0.38286713286713286 0.24044585987261147 0.05944055944055944 0.1305732484076433
1 0.04895104895104895 0.25477707006369427 0.09324009324009325 0.05732484076433121
1 0.04428904428904429 0.7484076433121019 0.039627039627039624 0.025477707006369428
0 0.3677156177156177 0.05573248407643312 0.09207459207459208 0.08917197452229299
0 0.6451048951048951 0.6711783439490446 0.06177156177156177 0.052547770700636945
1 0.6421911421911422 0.35987261146496813 0.13752913752913754 0.09235668789808917
0 0.18240093240093241 0.6441082802547771 0.05244755244755245 0.0875796178343949
1 0.6946386946386947 0.8367834394904459 0.04428904428904429 0.08121019108280254
1 0.7995337995337995 0.20302547770700638 0.09557109557109557 0.06210191082802548
0 0.45396270396270394 0.6464968152866242 0.14102564102564102 0.1337579617834395
