2 0.5541958041958042 0.9140127388535032 0.06177156177156177 0.050955414012738856
0 0.14102564102564102 0.8479299363057324 0.053613053613053616 0.07802547770700637
1 0.8851981351981352 0.46576433121019106 0.08275058275058275 0.07484076433121019
1 0.8071095571095571 0.15047770700636942 0.05944055944055944 0.1321656050955414
0 0.8986013986013986 0.17117834394904458 0.055944055944055944 0.03980891719745223
1 0.14102564102564102 0.4681528662420382 0.04195804195804196 0.1178343949044586
1 0.8257575757575758 0.6671974522292994 0.017482517482517484 0.054140127388535034
2 0.5472027972027972 0.6998407643312102 0.054778554778554776 0.11942675159235669
1 0.2837995337995338 0.38455414012738853 0.08275058275058275 0.07484076433121019
1 0.7138694638694638 0.42754777070063693 0.04079254079254079 0.12261146496815287
