2 0.7243589743589743 0.5660828025477707 0.05944055944055944 0.04617834394904458
2 0.30303030303030304 0.7054140127388535 0.07692307692307693 0.050955414012738856
1 0.9393939393939394 0.695859872611465 0.07692307692307693 0.06687898089171974
0 0.6118881118881119 0.34554140127388533 0.09557109557109557 0.09554140127388536
0 0.9184149184149184 0.7651273885350318 0.06293706293706294 0.052547770700636945
1 0.2925407925407925 0.2085987261146497 0.037296037296037296 0.03184713375796178
0 0.06585081585081586 0.7460191082802548 0.05244755244755245 0.04617834394904458
1 0.7237762237762237 0.9243630573248408 0.04428904428904429 0.11624203821656051
1 0.622960372960373 0.8797770700636943 0.05944055944055944 0.1321656050955414
1 0.4755244755244755 0.7866242038216561 0.039627039627039624 0.03821656050955414
