2 0.817016317016317 0.9769108280254777 0.013986013986013986 0.042993630573248405
2 0.581002331002331 0.09952229299363058 0.05710955710955711 0.04617834394904458
1 0.6486013986013986 0.17595541401273884 0.09673659673659674 0.08121019108280254
1 0.5565268065268065 0.6281847133757962 0.06643356643356643 0.06528662420382166
1 0.46386946386946387 0.1751592356687898 0.04428904428904429 0.12738853503184713
2 0.13752913752913754 0.375 0.027972027972027972 0.06847133757961783
0 0.2972027972027972 0.89171974522293 0.03263403263403263 0.07006369426751592
1 0.8787878787878788 0.3996815286624204 0.04428904428904429 0.11464968152866242
0 0.8717948717948718 0.6942675159235668 0.09324009324009325 0.07961783439490445
1 0.3677156177156177 0.25238853503184716 0.05944055944055944 0.1321656050955414
