1 0.7791375291375291 0.2587579617834395 0.09673659673659674 0.08121019108280254
1 0.057692307692307696 0.6998407643312102 0.06876456876456877 0.0589171974522293
1 0.5448717948717948 0.14171974522292993 0.03146853146853147 0.08280254777070063
2 0.2942890442890443 0.23089171974522293 0.024475524475524476 0.07006369426751592
1 0.701048951048951 0.05493630573248408 0.08275058275058275 0.07484076433121019
1 0.14044289044289043 0.5135350318471338 0.029137529137529136 0.08439490445859872
1 0.045454545454545456 0.607484076433121 0.04195804195804196 0.12261146496815287
1 0.4574592074592075 0.14729299363057324 0.09207459207459208 0.08121019108280254
1 0.9452214452214452 0.3837579617834395 0.055944055944055944 0.03503184713375796
1 0.9090909090909091 0.4410828025477707 0.05827505827505827 0.03821656050955414
