2 0.051864801864801864 0.22213375796178345 0.03146853146853147 0.06210191082802548
1 0.19813519813519814 0.10748407643312102 0.06993006993006994 0.042993630573248405
1 0.615967365967366 0.392515923566879 0.019813519813519812 0.05573248407643312
0 0.8001165501165501 0.14968152866242038 0.05710955710955711 0.044585987261146494
1 0.6585081585081585 0.46735668789808915 0.053613053613053616 0.04617834394904458
0 0.7447552447552448 0.34235668789808915 0.09324009324009325 0.06687898089171974
1 0.9708624708624709 0.17038216560509553 0.05128205128205128 0.044585987261146494
1 0.9632867132867133 0.0732484076433121 0.06876456876456877 0.06369426751592357
2 0.8076923076923077 0.6138535031847133 0.02097902097902098 0.05573248407643312
1 0.08741258741258741 0.07165605095541401 0.07692307692307693 0.06687898089171974
