0 0.8298368298368298 0.8176751592356688 0.046620046620046623 0.0875796178343949
1 0.8036130536130536 0.3105095541401274 0.022144522144522144 0.07006369426751592
1 0.44638694638694637 0.6170382165605095 0.0979020979020979 0.10668789808917198
1 0.28205128205128205 0.1823248407643312 0.06526806526806526 0.12898089171974522
0 0.8047785547785548 0.42038216560509556 0.07109557109557109 0.06687898089171974
1 0.13286713286713286 0.41878980891719747 0.03263403263403263 0.06687898089171974
1 0.7255244755244755 0.2619426751592357 0.03146853146853147 0.0875796178343949
1 0.3082750582750583 0.6345541401273885 0.05944055944055944 0.03662420382165605
2 0.23484848484848486 0.29538216560509556 0.0337995337995338 0.07802547770700637
1 0.5990675990675991 0.4339171974522293 0.039627039627039624 0.02388535031847134
