1 0.6025641025641025 0.8431528662420382 0.09557109557109557 0.06210191082802548
1 0.21386946386946387 0.3861464968152866 0.09906759906759907 0.1035031847133758
0 0.09324009324009325 0.36544585987261147 0.030303030303030304 0.07165605095541401
1 0.7995337995337995 0.5031847133757962 0.08158508158508158 0.06050955414012739
1 0.8519813519813519 0.821656050955414 0.0675990675990676 0.06050955414012739
1 0.3041958041958042 0.9307324840764332 0.04428904428904429 0.08121019108280254
0 0.0472027972027972 0.7937898089171974 0.04079254079254079 0.0875796178343949
1 0.4970862470862471 0.321656050955414 0.03146853146853147 0.08280254777070063
0 0.07692307692307693 0.9386942675159236 0.04428904428904429 0.03980891719745223
1 0.377039627039627 0.5605095541401274 0.05944055944055944 0.1305732484076433
