2 0.43006993006993005 0.7173566878980892 0.03496503496503497 0.10031847133757962
1 0.14743589743589744 0.8312101910828026 0.05944055944055944 0.1305732484076433
0 0.28496503496503495 0.5557324840764332 0.0337995337995338 0.07961783439490445
2 0.6456876456876457 0.5421974522292994 0.037296037296037296 0.027070063694267517
0 0.4959207459207459 0.85828025477707 0.0337995337995338 0.0732484076433121
1 0.4370629370629371 0.5429936305732485 0.046620046620046623 0.028662420382165606
0 0.6113053613053613 0.45143312101910826 0.05944055944055944 0.08121019108280254
1 0.3921911421911422 0.39012738853503187 0.0337995337995338 0.0732484076433121
1 0.9772727272727273 0.29538216560509556 0.017482517482517484 0.052547770700636945
1 0.5868298368298368 0.89171974522293 0.045454545454545456 0.1305732484076433
