2 0.6555944055944056 0.6441082802547771 0.06177156177156177 0.052547770700636945
1 0.8665501165501166 0.2428343949044586 0.03613053613053613 0.06528662420382166
2 0.2127039627039627 0.31687898089171973 0.017482517482517484 0.054140127388535034
2 0.5961538461538461 0.21894904458598727 0.0337995337995338 0.07802547770700637
1 0.6118881118881119 0.5199044585987261 0.030303030303030304 0.09076433121019108
1 0.40617715617715616 0.2762738853503185 0.019813519813519812 0.05573248407643312
2 0.3578088578088578 0.6560509554140127 0.053613053613053616 0.03821656050955414
1 0.2296037296037296 0.1106687898089172 0.018648018648018648 0.05573248407643312
2 0.7494172494172494 0.446656050955414 0.030303030303030304 0.07165605095541401
0 0.14219114219114218 0.5804140127388535 0.06060606060606061 0.04936305732484077
