2 0.2202797202797203 0.2412420382165605 0.030303030303030304 0.08439490445859872
0 0.1893939393939394 0.8686305732484076 0.06643356643356643 0.12898089171974522
1 0.5110722610722611 0.06767515923566879 0.0337995337995338 0.10987261146496816
1 0.29895104895104896 0.9339171974522293 0.019813519813519812 0.05573248407643312
1 0.05652680652680653 0.8192675159235668 0.06177156177156177 0.11305732484076433
1 0.5792540792540792 0.7452229299363057 0.08158508158508158 0.06050955414012739
1 0.09324009324009325 0.6401273885350318 0.08158508158508158 0.06050955414012739
1 0.43356643356643354 0.04219745222929936 0.018648018648018648 0.05573248407643312
1 0.3723776223776224 0.767515923566879 0.05944055944055944 0.1305732484076433
0 0.2534965034965035 0.7420382165605095 0.029137529137529136 0.04777070063694268
