2 0.9341491841491841 0.37261146496815284 0.03146853146853147 0.07961783439490445
2 0.07517482517482517 0.8726114649681529 0.022144522144522144 0.07006369426751592
1 0.11538461538461539 0.7953821656050956 0.08158508158508158 0.06210191082802548
2 0.12703962703962704 0.4068471337579618 0.10023310023310024 0.06847133757961783
1 0.9015151515151515 0.1480891719745223 0.06876456876456877 0.041401273885350316
1 0.5110722610722611 0.12818471337579618 0.05944055944055944 0.1321656050955414
1 0.43414918414918413 0.7786624203821656 0.05944055944055944 0.1305732484076433
0 0.26223776223776224 0.36863057324840764 0.04895104895104895 0.04617834394904458
1 0.8106060606060606 0.40923566878980894 0.05944055944055944 0.03821656050955414
1 0.7977855477855478 0.7444267515923567 0.05944055944055944 0.04936305732484077
