1 0.5075757575757576 0.26512738853503187 0.05944055944055944 0.1321656050955414
1 0.07167832167832168 0.07165605095541401 0.04079254079254079 0.025477707006369428
0 0.6923076923076923 0.8837579617834395 0.02097902097902098 0.06050955414012739
1 0.6958041958041958 0.6289808917197452 0.046620046620046623 0.1305732484076433
0 0.351981351981352 0.11863057324840764 0.04428904428904429 0.08121019108280254
1 0.32342657342657344 0.4140127388535032 0.06876456876456877 0.041401273885350316
0 0.5215617715617715 0.5923566878980892 0.03613053613053613 0.08598726114649681
1 0.3414918414918415 0.9378980891719745 0.04195804195804196 0.1178343949044586
1 0.8047785547785548 0.39331210191082805 0.05944055944055944 0.1305732484076433
0 0.2902097902097902 0.6536624203821656 0.053613053613053616 0.07802547770700637
