1 0.20862470862470864 0.07484076433121019 0.06060606060606061 0.041401273885350316
1 0.4819347319347319 0.3057324840764331 0.05944055944055944 0.1305732484076433
1 0.5495337995337995 0.35429936305732485 0.05944055944055944 0.1321656050955414
1 0.1451048951048951 0.05573248407643312 0.05710955710955711 0.03503184713375796
2 0.058857808857808856 0.7229299363057324 0.038461538461538464 0.08598726114649681
1 0.6888111888111889 0.5597133757961783 0.04195804195804196 0.12261146496815287
2 0.6736596736596736 0.29378980891719747 0.027972027972027972 0.08121019108280254
1 0.6713286713286714 0.8351910828025477 0.06993006993006994 0.05573248407643312
1 0.2977855477855478 0.9203821656050956 0.017482517482517484 0.054140127388535034
2 0.038461538461538464 0.5493630573248408 0.04428904428904429 0.10828025477707007
