2 0.916083916083916 0.3646496815286624 0.08624708624708624 0.054140127388535034
1 0.3787878787878788 0.6058917197452229 0.039627039627039624 0.02388535031847134
1 0.11363636363636363 0.06528662420382166 0.045454545454545456 0.1305732484076433
1 0.8409090909090909 0.8845541401273885 0.019813519813519812 0.05573248407643312
1 0.03787878787878788 0.17595541401273884 0.05944055944055944 0.03980891719745223
2 0.7092074592074592 0.3304140127388535 0.024475524475524476 0.07165605095541401
2 0.2511655011655012 0.9179936305732485 0.06177156177156177 0.052547770700636945
2 0.3811188811188811 0.392515923566879 0.06060606060606061 0.03662420382165605
1 0.3479020979020979 0.7125796178343949 0.04312354312354312 0.12261146496815287
0 0.877039627039627 0.4299363057324841 0.03146853146853147 0.07006369426751592
