1 0.24125874125874125 0.8988853503184714 0.06993006993006994 0.06210191082802548
0 0.38986013986013984 0.6003184713375797 0.05011655011655012 0.03821656050955414
1 0.817016317016317 0.43869426751592355 0.018648018648018648 0.05573248407643312
0 0.6876456876456877 0.43312101910828027 0.03496503496503497 0.07006369426751592
2 0.1351981351981352 0.23168789808917198 0.030303030303030304 0.07165605095541401
2 0.041375291375291376 0.7125796178343949 0.06876456876456877 0.042993630573248405
2 0.8071095571095571 0.12101910828025478 0.08508158508158509 0.054140127388535034
0 0.23776223776223776 0.570859872611465 0.030303030303030304 0.07165605095541401
1 0.5827505827505828 0.2890127388535032 0.04428904428904429 0.10987261146496816
2 0.8403263403263403 0.21178343949044587 0.05827505827505827 0.041401273885350316
