1 0.418997668997669 0.5796178343949044 0.0337995337995338 0.022292993630573247
1 0.09382284382284382 0.7022292993630573 0.08974358974358974 0.05732484076433121
2 0.6410256410256411 0.7579617834394905 0.07692307692307693 0.050955414012738856
1 0.6841491841491841 0.49761146496815284 0.08158508158508158 0.06210191082802548
1 0.5524475524475524 0.7627388535031847 0.09557109557109557 0.07006369426751592
0 0.817016317016317 0.38296178343949044 0.046620046620046623 0.06210191082802548
0 0.16433566433566432 0.22372611464968153 0.06293706293706294 0.04936305732484077
1 0.5297202797202797 0.052547770700636945 0.06177156177156177 0.050955414012738856
1 0.05303030303030303 0.964171974522293 0.019813519813519812 0.06528662420382166
2 0.9090909090909091 0.4681528662420382 0.04895104895104895 0.03503184713375796
