1 0.668997668997669 0.6568471337579618 0.04195804195804196 0.09394904458598727
1 0.3269230769230769 0.5429936305732485 0.054778554778554776 0.12101910828025478
0 0.3175990675990676 0.17038216560509553 0.08974358974358974 0.08598726114649681
0 0.47144522144522144 0.47054140127388533 0.054778554778554776 0.042993630573248405
0 0.26515151515151514 0.3590764331210191 0.0944055944055944 0.18630573248407642
0 0.9277389277389277 0.6202229299363057 0.03263403263403263 0.07802547770700637
1 0.6363636363636364 0.15047770700636942 0.046620046620046623 0.09394904458598727
1 0.6666666666666666 0.7953821656050956 0.02564102564102564 0.07802547770700637
1 0.8024475524475524 0.05732484076433121 0.017482517482517484 0.054140127388535034
1 0.09324009324009325 0.20302547770700638 0.030303030303030304 0.06528662420382166
