1 0.6643356643356644 0.267515923566879 0.09324009324009325 0.05732484076433121
1 0.7004662004662005 0.34554140127388533 0.13752913752913754 0.09235668789808917
0 0.5285547785547785 0.32245222929936307 0.0641025641025641 0.04936305732484077
0 0.36946386946386944 0.2213375796178344 0.08158508158508158 0.06050955414012739
0 0.567016317016317 0.9028662420382165 0.038461538461538464 0.08598726114649681
2 0.4796037296037296 0.46894904458598724 0.05944055944055944 0.052547770700636945
1 0.3479020979020979 0.3343949044585987 0.05944055944055944 0.1305732484076433
2 0.9347319347319347 0.964171974522293 0.030303030303030304 0.07165605095541401
1 0.2768065268065268 0.08917197452229299 0.017482517482517484 0.054140127388535034
2 0.10314685314685315 0.09952229299363058 0.06643356643356643 0.03980891719745223
