2 0.8496503496503497 0.15764331210191082 0.04195804195804196 0.10509554140127389
1 0.4324009324009324 0.10509554140127389 0.09324009324009325 0.05732484076433121
1 0.5058275058275058 0.5047770700636943 0.023310023310023312 0.050955414012738856
0 0.6113053613053613 0.5867834394904459 0.038461538461538464 0.08439490445859872
1 0.2505827505827506 0.17914012738853502 0.04195804195804196 0.12261146496815287
0 0.4382284382284382 0.803343949044586 0.027972027972027972 0.06847133757961783
0 0.18356643356643357 0.3479299363057325 0.09906759906759907 0.08121019108280254
1 0.5454545454545454 0.35987261146496813 0.037296037296037296 0.08280254777070063
1 0.7942890442890443 0.4036624203821656 0.04079254079254079 0.12261146496815287
1 0.951048951048951 0.9156050955414012 0.0675990675990676 0.12738853503184713
