0 0.40675990675990675 0.8805732484076433 0.03496503496503497 0.07006369426751592
0 0.9184149184149184 0.714171974522293 0.0979020979020979 0.0875796178343949
0 0.789044289044289 0.6265923566878981 0.09324009324009325 0.07165605095541401
2 0.5833333333333334 0.7579617834394905 0.038461538461538464 0.08917197452229299
2 0.8618881118881119 0.03264331210191083 0.019813519813519812 0.05573248407643312
2 0.6462703962703963 0.1305732484076433 0.05944055944055944 0.054140127388535034
1 0.5693473193473193 0.4020700636942675 0.03146853146853147 0.06210191082802548
2 0.4347319347319347 0.9546178343949044 0.05827505827505827 0.042993630573248405
1 0.4592074592074592 0.6592356687898089 0.03263403263403263 0.08280254777070063
1 0.3473193473193473 0.7022292993630573 0.07692307692307693 0.1337579617834395
