0 0.5361305361305362 0.9410828025477707 0.053613053613053616 0.04777070063694268
1 0.6678321678321678 0.3232484076433121 0.013986013986013986 0.07961783439490445
1 0.8956876456876457 0.7308917197452229 0.029137529137529136 0.07961783439490445
1 0.6579254079254079 0.4315286624203822 0.0337995337995338 0.09235668789808917
2 0.4417249417249417 0.4068471337579618 0.02564102564102564 0.09076433121019108
1 0.19405594405594406 0.14012738853503184 0.05944055944055944 0.1305732484076433
2 0.6375291375291375 0.7937898089171974 0.030303030303030304 0.07165605095541401
1 0.3735431235431235 0.2285031847133758 0.05944055944055944 0.1321656050955414
1 0.27855477855477856 0.14968152866242038 0.039627039627039624 0.025477707006369428
1 0.9277389277389277 0.42436305732484075 0.08158508158508158 0.06210191082802548
