1 0.4224941724941725 0.357484076433121 0.04312354312354312 0.12579617834394904
1 0.4970862470862471 0.7507961783439491 0.05944055944055944 0.1321656050955414
2 0.30885780885780884 0.6122611464968153 0.039627039627039624 0.02388535031847134
0 0.22202797202797203 0.7292993630573248 0.06876456876456877 0.06369426751592357
1 0.5355477855477856 0.37022292993630573 0.03146853146853147 0.042993630573248405
1 0.8764568764568764 0.73328025477707 0.04428904428904429 0.12261146496815287
2 0.32867132867132864 0.2762738853503185 0.04895104895104895 0.03343949044585987
2 0.14393939393939395 0.30095541401273884 0.05244755244755245 0.03184713375796178
1 0.33916083916083917 0.7245222929936306 0.07925407925407925 0.06369426751592357
1 0.9691142191142191 0.7595541401273885 0.05944055944055944 0.1305732484076433
