1 0.41083916083916083 0.7778662420382165 0.08275058275058275 0.07484076433121019
1 0.6416083916083916 0.07563694267515923 0.03146853146853147 0.08121019108280254
1 0.5110722610722611 0.3837579617834395 0.017482517482517484 0.054140127388535034
1 0.11305361305361306 0.76671974522293 0.053613053613053616 0.06847133757961783
0 0.10955710955710955 0.34076433121019106 0.053613053613053616 0.04777070063694268
2 0.4574592074592075 0.4004777070063694 0.022144522144522144 0.06528662420382166
2 0.6474358974358975 0.3893312101910828 0.038461538461538464 0.08439490445859872
0 0.5437062937062938 0.8877388535031847 0.07575757575757576 0.12898089171974522
1 0.2686480186480186 0.09156050955414012 0.08275058275058275 0.07484076433121019
2 0.3956876456876457 0.22372611464968153 0.06177156177156177 0.052547770700636945
