1 0.6264568764568764 0.15445859872611464 0.038461538461538464 0.11146496815286625
1 0.6445221445221445 0.6345541401273885 0.06993006993006994 0.042993630573248405
1 0.6963869463869464 0.7746815286624203 0.05710955710955711 0.03662420382165605
1 0.6888111888111889 0.8487261146496815 0.018648018648018648 0.054140127388535034
0 0.2937062937062937 0.6377388535031847 0.07226107226107226 0.13535031847133758
1 0.967948717948718 0.4482484076433121 0.05944055944055944 0.1321656050955414
1 0.817016317016317 0.05652866242038217 0.08158508158508158 0.06210191082802548
0 0.8688811188811189 0.18869426751592358 0.05944055944055944 0.04936305732484077
0 0.25757575757575757 0.9164012738853503 0.08391608391608392 0.07802547770700637
1 0.5926573426573427 0.7730891719745223 0.04312354312354312 0.12261146496815287
