0 0.06235431235431235 0.44187898089171973 0.04312354312354312 0.09076433121019108
1 0.30011655011655014 0.26990445859872614 0.05944055944055944 0.1321656050955414
1 0.8653846153846154 0.8447452229299363 0.0944055944055944 0.18630573248407642
1 0.1445221445221445 0.20382165605095542 0.046620046620046623 0.028662420382165606
2 0.13403263403263405 0.6035031847133758 0.06526806526806526 0.03821656050955414
1 0.1993006993006993 0.7117834394904459 0.02564102564102564 0.05732484076433121
1 0.682983682983683 0.6656050955414012 0.016317016317016316 0.050955414012738856
0 0.2564102564102564 0.7022292993630573 0.053613053613053616 0.04777070063694268
2 0.042540792540792544 0.6807324840764332 0.04079254079254079 0.027070063694267517
1 0.914918414918415 0.4426751592356688 0.03263403263403263 0.08917197452229299
