2 0.664918414918415 0.4140127388535032 0.08508158508158509 0.054140127388535034
1 0.5693473193473193 0.5318471337579618 0.04079254079254079 0.025477707006369428
0 0.5512820512820513 0.7794585987261147 0.04195804195804196 0.0875796178343949
1 0.8776223776223776 0.6735668789808917 0.04195804195804196 0.05732484076433121
2 0.5611888111888111 0.4052547770700637 0.0337995337995338 0.07802547770700637
0 0.2261072261072261 0.35987261146496813 0.06526806526806526 0.1305732484076433
2 0.4125874125874126 0.12898089171974522 0.053613053613053616 0.044585987261146494
1 0.44988344988344986 0.8686305732484076 0.07226107226107226 0.1767515923566879
1 0.21153846153846154 0.24044585987261147 0.08974358974358974 0.054140127388535034
1 0.831002331002331 0.5939490445859873 0.053613053613053616 0.04777070063694268
