1 0.06235431235431235 0.8455414012738853 0.017482517482517484 0.054140127388535034
2 0.06526806526806526 0.11544585987261147 0.027972027972027972 0.06847133757961783
1 0.4219114219114219 0.28105095541401276 0.04428904428904429 0.08121019108280254
0 0.4982517482517482 0.20939490445859874 0.06177156177156177 0.052547770700636945
0 0.25874125874125875 0.20382165605095542 0.09324009324009325 0.07961783439490445
1 0.24533799533799533 0.7523885350318471 0.06876456876456877 0.06210191082802548
0 0.07342657342657342 0.6297770700636943 0.027972027972027972 0.06210191082802548
1 0.777972027972028 0.8678343949044586 0.13403263403263405 0.09554140127388536
1 0.2966200466200466 0.6186305732484076 0.09207459207459208 0.06528662420382166
2 0.13344988344988346 0.21098726114649682 0.0337995337995338 0.07802547770700637
