0 0.3141025641025641 0.12181528662420382 0.08508158508158509 0.07484076433121019
2 0.4865967365967366 0.2229299363057325 0.05710955710955711 0.03821656050955414
0 0.3327505827505827 0.5063694267515924 0.038461538461538464 0.08598726114649681
2 0.2517482517482518 0.6759554140127388 0.02097902097902098 0.04936305732484077
1 0.4026806526806527 0.4394904458598726 0.0641025641025641 0.03821656050955414
1 0.5588578088578089 0.7890127388535032 0.08275058275058275 0.07484076433121019
1 0.5093240093240093 0.8988853503184714 0.04195804195804196 0.12579617834394904
2 0.8583916083916084 0.20621019108280256 0.0337995337995338 0.07802547770700637
2 0.09149184149184149 0.6886942675159236 0.11072261072261072 0.07802547770700637
1 0.9341491841491841 0.8423566878980892 0.017482517482517484 0.054140127388535034
