1 0.8304195804195804 0.7412420382165605 0.04312354312354312 0.1035031847133758
2 0.8001165501165501 0.2412420382165605 0.06177156177156177 0.052547770700636945
1 0.4994172494172494 0.2085987261146497 0.08741258741258741 0.07006369426751592
0 0.1252913752913753 0.9140127388535032 0.0641025641025641 0.06050955414012739
1 0.7092074592074592 0.9028662420382165 0.13636363636363635 0.08917197452229299
1 0.2733100233100233 0.5995222929936306 0.08275058275058275 0.07484076433121019
2 0.15734265734265734 0.25955414012738853 0.027972027972027972 0.08280254777070063
0 0.9516317016317016 0.9052547770700637 0.06876456876456877 0.0589171974522293
1 0.967948717948718 0.5374203821656051 0.026806526806526808 0.0589171974522293
1 0.20337995337995338 0.09394904458598727 0.05710955710955711 0.1178343949044586
