1 0.8368298368298368 0.5135350318471338 0.08624708624708624 0.07802547770700637
2 0.15967365967365968 0.11464968152866242 0.039627039627039624 0.025477707006369428
1 0.6963869463869464 0.0804140127388535 0.05944055944055944 0.1321656050955414
2 0.3787878787878788 0.8972929936305732 0.039627039627039624 0.08121019108280254
0 0.7604895104895105 0.7587579617834395 0.0337995337995338 0.08121019108280254
1 0.4020979020979021 0.36544585987261147 0.039627039627039624 0.02388535031847134
0 0.16317016317016317 0.25477707006369427 0.03263403263403263 0.07006369426751592
0 0.23717948717948717 0.6210191082802548 0.05244755244755245 0.03821656050955414
1 0.8304195804195804 0.6170382165605095 0.03613053613053613 0.06528662420382166
2 0.546037296037296 0.7181528662420382 0.08508158508158509 0.054140127388535034
