0 0.6783216783216783 0.5159235668789809 0.08158508158508158 0.06050955414012739
0 0.662004662004662 0.7205414012738853 0.09557109557109557 0.18630573248407642
2 0.38636363636363635 0.5796178343949044 0.038461538461538464 0.10509554140127389
1 0.057692307692307696 0.33678343949044587 0.05944055944055944 0.1321656050955414
1 0.7307692307692307 0.9339171974522293 0.07692307692307693 0.04617834394904458
1 0.7564102564102564 0.8168789808917197 0.08624708624708624 0.054140127388535034
1 0.6136363636363636 0.929140127388535 0.017482517482517484 0.052547770700636945
1 0.46794871794871795 0.8128980891719745 0.03146853146853147 0.042993630573248405
2 0.5588578088578089 0.3105095541401274 0.06177156177156177 0.050955414012738856
1 0.1853146853146853 0.030254777070063694 0.08158508158508158 0.06050955414012739
