2 0.30652680652680653 0.6576433121019108 0.06060606060606061 0.054140127388535034
2 0.8210955710955711 0.6664012738853503 0.029137529137529136 0.07484076433121019
1 0.5477855477855478 0.18789808917197454 0.08158508158508158 0.06050955414012739
1 0.10256410256410256 0.7746815286624203 0.08158508158508158 0.06210191082802548
2 0.8088578088578089 0.21019108280254778 0.055944055944055944 0.03184713375796178
1 0.5093240093240093 0.5684713375796179 0.08857808857808858 0.050955414012738856
2 0.3613053613053613 0.8742038216560509 0.027972027972027972 0.08598726114649681
1 0.3764568764568765 0.15047770700636942 0.08158508158508158 0.06210191082802548
1 0.6328671328671329 0.3057324840764331 0.06060606060606061 0.03821656050955414
1 0.4131701631701632 0.3073248407643312 0.054778554778554776 0.07961783439490445
