1 0.7668997668997669 0.30812101910828027 0.04428904428904429 0.08121019108280254
1 0.5005827505827506 0.8869426751592356 0.08741258741258741 0.07006369426751592
0 0.40326340326340326 0.44904458598726116 0.037296037296037296 0.08598726114649681
1 0.8234265734265734 0.7348726114649682 0.1386946386946387 0.09713375796178345
1 0.46445221445221446 0.4156050955414013 0.017482517482517484 0.050955414012738856
1 0.3525641025641026 0.6982484076433121 0.13403263403263405 0.0875796178343949
2 0.7872960372960373 0.6114649681528662 0.0337995337995338 0.10509554140127389
1 0.7132867132867133 0.5517515923566879 0.04428904428904429 0.10987261146496816
1 0.5337995337995338 0.2890127388535032 0.053613053613053616 0.06847133757961783
1 0.23543123543123542 0.5302547770700637 0.016317016317016316 0.050955414012738856
