2 0.21095571095571095 0.20621019108280256 0.027972027972027972 0.08121019108280254
1 0.6031468531468531 0.11464968152866242 0.10839160839160839 0.11146496815286625
0 0.7575757575757576 0.6242038216560509 0.055944055944055944 0.07006369426751592
1 0.17016317016317017 0.3718152866242038 0.0675990675990676 0.042993630573248405
2 0.8210955710955711 0.9084394904458599 0.022144522144522144 0.06528662420382166
0 0.2872960372960373 0.29777070063694266 0.04312354312354312 0.08598726114649681
1 0.6258741258741258 0.7030254777070064 0.08624708624708624 0.19585987261146498
2 0.5297202797202797 0.6568471337579618 0.0337995337995338 0.07802547770700637
1 0.2534965034965035 0.9004777070063694 0.07109557109557109 0.04617834394904458
1 0.8222610722610723 0.3351910828025478 0.05944055944055944 0.1321656050955414
