1 0.3986013986013986 0.8901273885350318 0.039627039627039624 0.03821656050955414
0 0.5 0.8113057324840764 0.07226107226107226 0.1321656050955414
1 0.7523310023310024 0.5804140127388535 0.05944055944055944 0.1321656050955414
1 0.21037296037296038 0.17754777070063693 0.08275058275058275 0.07484076433121019
1 0.8747086247086248 0.8296178343949044 0.1317016317016317 0.09235668789808917
1 0.6404428904428905 0.3057324840764331 0.045454545454545456 0.1305732484076433
2 0.41025641025641024 0.02945859872611465 0.046620046620046623 0.030254777070063694
1 0.3968531468531469 0.7109872611464968 0.05710955710955711 0.052547770700636945
1 0.47435897435897434 0.4394904458598726 0.018648018648018648 0.05732484076433121
0 0.14743589743589744 0.8734076433121019 0.05011655011655012 0.04617834394904458
