1 0.3991841491841492 0.8996815286624203 0.04079254079254079 0.08917197452229299
0 0.05244755244755245 0.34554140127388533 0.06993006993006994 0.1305732484076433
2 0.42365967365967366 0.6632165605095541 0.05944055944055944 0.052547770700636945
0 0.9155011655011654 0.8630573248407644 0.038461538461538464 0.03184713375796178
0 0.7599067599067599 0.10191082802547771 0.09557109557109557 0.09554140127388536
1 0.26515151515151514 0.6584394904458599 0.04312354312354312 0.12579617834394904
2 0.9388111888111889 0.10111464968152867 0.05944055944055944 0.052547770700636945
2 0.7441724941724942 0.4872611464968153 0.054778554778554776 0.044585987261146494
0 0.7948717948717948 0.5780254777070064 0.037296037296037296 0.054140127388535034
1 0.4527972027972028 0.7635350318471338 0.09906759906759907 0.09394904458598727
