0 0.3578088578088578 0.6536624203821656 0.06293706293706294 0.052547770700636945
1 0.17365967365967366 0.5246815286624203 0.04895104895104895 0.13535031847133758
0 0.10547785547785547 0.5262738853503185 0.0337995337995338 0.07165605095541401
1 0.11771561771561771 0.23168789808917198 0.03496503496503497 0.06847133757961783
1 0.5844988344988346 0.4394904458598726 0.017482517482517484 0.050955414012738856
1 0.418997668997669 0.3590764331210191 0.05944055944055944 0.03662420382165605
0 0.7581585081585082 0.697452229299363 0.026806526806526808 0.050955414012738856
1 0.87995337995338 0.17117834394904458 0.09557109557109557 0.06210191082802548
2 0.23251748251748253 0.4498407643312102 0.045454545454545456 0.042993630573248405
1 0.7365967365967366 0.8781847133757962 0.14918414918414918 0.09713375796178345
