1 0.21736596736596736 0.26990445859872614 0.05944055944055944 0.1321656050955414
2 0.7127039627039627 0.1409235668789809 0.06177156177156177 0.052547770700636945
2 0.3583916083916084 0.21337579617834396 0.05011655011655012 0.03821656050955414
1 0.5705128205128205 0.42436305732484075 0.05944055944055944 0.1321656050955414
0 0.44755244755244755 0.07961783439490445 0.05128205128205128 0.04777070063694268
1 0.18006993006993008 0.6265923566878981 0.05944055944055944 0.1321656050955414
1 0.7808857808857809 0.6457006369426752 0.030303030303030304 0.042993630573248405
0 0.057692307692307696 0.5199044585987261 0.054778554778554776 0.042993630573248405
1 0.07167832167832168 0.7078025477707006 0.05944055944055944 0.1321656050955414
1 0.6317016317016317 0.26512738853503187 0.027972027972027972 0.08121019108280254
