1 0.7878787878787878 0.7587579617834395 0.04195804195804196 0.12579617834394904
0 0.3939393939393939 0.47611464968152867 0.037296037296037296 0.08598726114649681
2 0.666083916083916 0.7460191082802548 0.06177156177156177 0.052547770700636945
1 0.6637529137529138 0.06449044585987261 0.017482517482517484 0.052547770700636945
1 0.14393939393939395 0.4020700636942675 0.05944055944055944 0.1321656050955414
1 0.23776223776223776 0.3017515923566879 0.027972027972027972 0.07802547770700637
1 0.40442890442890445 0.2730891719745223 0.07459207459207459 0.18630573248407642
1 0.8537296037296037 0.5883757961783439 0.04312354312354312 0.12261146496815287
0 0.06060606060606061 0.8901273885350318 0.037296037296037296 0.08280254777070063
0 0.8525641025641025 0.46576433121019106 0.03146853146853147 0.042993630573248405
