1 0.7575757575757576 0.38455414012738853 0.05128205128205128 0.11942675159235669
2 0.6258741258741258 0.3765923566878981 0.05827505827505827 0.052547770700636945
0 0.8397435897435898 0.07484076433121019 0.06876456876456877 0.054140127388535034
1 0.07983682983682984 0.47929936305732485 0.047785547785547784 0.11146496815286625
1 0.043706293706293704 0.24681528662420382 0.0641025641025641 0.044585987261146494
2 0.48776223776223776 0.37579617834394907 0.06177156177156177 0.050955414012738856
1 0.3082750582750583 0.8988853503184714 0.05944055944055944 0.1321656050955414
1 0.1456876456876457 0.04617834394904458 0.08624708624708624 0.06369426751592357
0 0.7942890442890443 0.5151273885350318 0.03146853146853147 0.042993630573248405
1 0.4807692307692308 0.25238853503184716 0.026806526806526808 0.08439490445859872
