0 0.6165501165501166 0.4068471337579618 0.030303030303030304 0.07165605095541401
2 0.7371794871794872 0.10987261146496816 0.017482517482517484 0.044585987261146494
1 0.6019813519813519 0.22770700636942676 0.04079254079254079 0.025477707006369428
1 0.8607226107226107 0.8375796178343949 0.05710955710955711 0.044585987261146494
1 0.12995337995337997 0.31289808917197454 0.05944055944055944 0.1321656050955414
1 0.4527972027972028 0.8726114649681529 0.05244755244755245 0.14968152866242038
0 0.32284382284382285 0.9187898089171974 0.09324009324009325 0.09872611464968153
1 0.043706293706293704 0.5326433121019108 0.05944055944055944 0.1321656050955414
1 0.8490675990675991 0.6727707006369427 0.09673659673659674 0.08121019108280254
1 0.2902097902097902 0.3662420382165605 0.09324009324009325 0.05732484076433121
