0 0.16783216783216784 0.09315286624203821 0.09557109557109557 0.07802547770700637
1 0.6019813519813519 0.9036624203821656 0.029137529137529136 0.09076433121019108
1 0.7511655011655012 0.3646496815286624 0.017482517482517484 0.050955414012738856
1 0.5297202797202797 0.6106687898089171 0.08974358974358974 0.0589171974522293
2 0.09207459207459208 0.33996815286624205 0.037296037296037296 0.08439490445859872
1 0.49009324009324007 0.21735668789808918 0.13636363636363635 0.09394904458598727
1 0.46794871794871795 0.4578025477707006 0.0641025641025641 0.12579617834394904
2 0.25874125874125875 0.31687898089171973 0.023310023310023312 0.0732484076433121
1 0.8100233100233101 0.09952229299363058 0.04195804195804196 0.12579617834394904
2 0.2738927738927739 0.4323248407643312 0.10023310023310024 0.06847133757961783
