1 0.47086247086247085 0.1480891719745223 0.055944055944055944 0.050955414012738856
2 0.2517482517482518 0.31687898089171973 0.039627039627039624 0.08598726114649681
0 0.8508158508158508 0.9036624203821656 0.02564102564102564 0.06847133757961783
0 0.05128205128205128 0.3662420382165605 0.05128205128205128 0.04777070063694268
1 0.2744755244755245 0.9187898089171974 0.05944055944055944 0.1305732484076433
2 0.824009324009324 0.15684713375796178 0.02097902097902098 0.06528662420382166
0 0.18356643356643357 0.3320063694267516 0.05944055944055944 0.04617834394904458
2 0.44405594405594406 0.8670382165605095 0.027972027972027972 0.06847133757961783
1 0.6608391608391608 0.41321656050955413 0.08158508158508158 0.06210191082802548
0 0.2634032634032634 0.13535031847133758 0.09324009324009325 0.09872611464968153
