2 0.5926573426573427 0.10270700636942676 0.038461538461538464 0.08439490445859872
1 0.18006993006993008 0.18471337579617833 0.04079254079254079 0.08917197452229299
2 0.9003496503496503 0.08439490445859872 0.024475524475524476 0.07006369426751592
1 0.18181818181818182 0.9339171974522293 0.04428904428904429 0.12579617834394904
2 0.27913752913752915 0.4179936305732484 0.022144522144522144 0.07165605095541401
0 0.9207459207459208 0.9092356687898089 0.03263403263403263 0.06687898089171974
2 0.8059440559440559 0.5207006369426752 0.015151515151515152 0.04777070063694268
1 0.7383449883449883 0.2571656050955414 0.09673659673659674 0.08121019108280254
0 0.32342657342657344 0.2587579617834395 0.0780885780885781 0.06210191082802548
1 0.317016317016317 0.4036624203821656 0.02564102564102564 0.08121019108280254
