2 0.8817016317016317 0.8049363057324841 0.06177156177156177 0.052547770700636945
0 0.7162004662004662 0.6265923566878981 0.054778554778554776 0.08121019108280254
1 0.6608391608391608 0.5923566878980892 0.023310023310023312 0.050955414012738856
2 0.7045454545454546 0.303343949044586 0.06177156177156177 0.052547770700636945
1 0.6532634032634033 0.7579617834394905 0.05944055944055944 0.1305732484076433
1 0.6048951048951049 0.8941082802547771 0.05128205128205128 0.11942675159235669
1 0.45396270396270394 0.34554140127388533 0.08974358974358974 0.07006369426751592
2 0.581002331002331 0.3057324840764331 0.05710955710955711 0.03821656050955414
2 0.3333333333333333 0.3431528662420382 0.027972027972027972 0.07802547770700637
0 0.9341491841491841 0.8256369426751592 0.03146853146853147 0.042993630573248405
