2 0.1958041958041958 0.1321656050955414 0.023310023310023312 0.06369426751592357
1 0.6153846153846154 0.1035031847133758 0.06526806526806526 0.1305732484076433
2 0.2564102564102564 0.9729299363057324 0.0675990675990676 0.044585987261146494
1 0.44871794871794873 0.6130573248407644 0.14685314685314685 0.08917197452229299
2 0.9283216783216783 0.8813694267515924 0.05944055944055944 0.052547770700636945
2 0.8805361305361306 0.7125796178343949 0.054778554778554776 0.11305732484076433
1 0.7983682983682984 0.48328025477707004 0.09557109557109557 0.06210191082802548
1 0.20279720279720279 0.8184713375796179 0.046620046620046623 0.09235668789808917
1 0.40792540792540793 0.28105095541401276 0.03263403263403263 0.0875796178343949
2 0.6777389277389277 0.9506369426751592 0.0337995337995338 0.07961783439490445
