2 0.5384615384615384 0.2921974522292994 0.03263403263403263 0.10031847133757962
2 0.28554778554778554 0.3320063694267516 0.04895104895104895 0.030254777070063694
1 0.20104895104895104 0.4888535031847134 0.017482517482517484 0.054140127388535034
2 0.5314685314685315 0.6759554140127388 0.027972027972027972 0.06847133757961783
1 0.09557109557109557 0.5565286624203821 0.09557109557109557 0.08121019108280254
1 0.8601398601398601 0.18550955414012738 0.046620046620046623 0.10987261146496816
1 0.3747086247086247 0.5581210191082803 0.05944055944055944 0.1321656050955414
1 0.6404428904428905 0.60828025477707 0.05944055944055944 0.1305732484076433
2 0.09207459207459208 0.19028662420382167 0.013986013986013986 0.03980891719745223
1 0.1590909090909091 0.5398089171974523 0.017482517482517484 0.054140127388535034
