1 0.532051282051282 0.3614649681528662 0.08974358974358974 0.06050955414012739
0 0.6590909090909091 0.7531847133757962 0.05244755244755245 0.041401273885350316
0 0.5623543123543123 0.5660828025477707 0.06643356643356643 0.12898089171974522
1 0.1381118881118881 0.3049363057324841 0.05944055944055944 0.1321656050955414
1 0.7803030303030303 0.12181528662420382 0.0780885780885781 0.06210191082802548
2 0.7628205128205128 0.48009554140127386 0.08275058275058275 0.07802547770700637
2 0.1561771561771562 0.9140127388535032 0.030303030303030304 0.07961783439490445
1 0.2395104895104895 0.7468152866242038 0.09207459207459208 0.06369426751592357
1 0.4376456876456876 0.60828025477707 0.09673659673659674 0.06050955414012739
1 0.25815850815850816 0.44187898089171973 0.05944055944055944 0.03662420382165605
