1 0.6526806526806527 0.7476114649681529 0.039627039627039624 0.02388535031847134
0 0.5337995337995338 0.40843949044585987 0.04195804195804196 0.0875796178343949
1 0.6037296037296037 0.9713375796178344 0.05827505827505827 0.03503184713375796
2 0.7284382284382285 0.5055732484076433 0.037296037296037296 0.08439490445859872
1 0.622960372960373 0.2659235668789809 0.017482517482517484 0.050955414012738856
2 0.8210955710955711 0.7794585987261147 0.0337995337995338 0.07802547770700637
0 0.3368298368298368 0.9012738853503185 0.055944055944055944 0.08917197452229299
1 0.9236596736596736 0.15843949044585987 0.05710955710955711 0.12261146496815287
1 0.2564102564102564 0.25636942675159236 0.018648018648018648 0.04777070063694268
1 0.546037296037296 0.625 0.12937062937062938 0.09076433121019108
