2 0.6497668997668997 0.2484076433121019 0.038461538461538464 0.08280254777070063
2 0.8484848484848485 0.3877388535031847 0.02097902097902098 0.06210191082802548
0 0.07634032634032634 0.32643312101910826 0.06177156177156177 0.050955414012738856
2 0.4125874125874126 0.8590764331210191 0.04895104895104895 0.03343949044585987
1 0.5314685314685315 0.7842356687898089 0.08158508158508158 0.06210191082802548
1 0.5856643356643356 0.571656050955414 0.029137529137529136 0.09554140127388536
1 0.29545454545454547 0.40764331210191085 0.09207459207459208 0.08917197452229299
1 0.8123543123543123 0.21894904458598727 0.09557109557109557 0.06210191082802548
0 0.6993006993006993 0.677547770700637 0.09557109557109557 0.18630573248407642
0 0.30477855477855476 0.28662420382165604 0.06876456876456877 0.05732484076433121
