2 0.8216783216783217 0.2444267515923567 0.06060606060606061 0.052547770700636945
1 0.38752913752913754 0.8542993630573248 0.04079254079254079 0.02388535031847134
1 0.4726107226107226 0.9347133757961783 0.017482517482517484 0.054140127388535034
2 0.877039627039627 0.9164012738853503 0.019813519813519812 0.0589171974522293
1 0.17424242424242425 0.046974522292993634 0.017482517482517484 0.052547770700636945
1 0.4125874125874126 0.4625796178343949 0.08158508158508158 0.06210191082802548
1 0.0979020979020979 0.5119426751592356 0.14685314685314685 0.09394904458598727
1 0.3502331002331002 0.7659235668789809 0.10139860139860139 0.08280254777070063
0 0.3041958041958042 0.1735668789808917 0.046620046620046623 0.10509554140127389
1 0.5862470862470862 0.6926751592356688 0.039627039627039624 0.022292993630573247
