1 0.6182983682983683 0.48168789808917195 0.05944055944055944 0.1321656050955414
1 0.7634032634032634 0.46735668789808915 0.08158508158508158 0.06210191082802548
2 0.32575757575757575 0.17277070063694266 0.029137529137529136 0.07802547770700637
2 0.027972027972027972 0.31687898089171973 0.05128205128205128 0.03184713375796178
1 0.7937062937062938 0.7953821656050956 0.016317016317016316 0.052547770700636945
1 0.44813519813519814 0.5023885350318471 0.029137529137529136 0.0875796178343949
2 0.14685314685314685 0.33837579617834396 0.02097902097902098 0.06210191082802548
1 0.5011655011655012 0.2014331210191083 0.04428904428904429 0.12579617834394904
1 0.28496503496503495 0.3781847133757962 0.05944055944055944 0.1321656050955414
1 0.42715617715617715 0.02786624203821656 0.0641025641025641 0.03980891719745223
