2 0.377039627039627 0.8765923566878981 0.05710955710955711 0.04617834394904458
0 0.7191142191142191 0.7117834394904459 0.0979020979020979 0.09235668789808917
0 0.8438228438228438 0.13136942675159236 0.037296037296037296 0.07484076433121019
1 0.532051282051282 0.9729299363057324 0.06876456876456877 0.041401273885350316
1 0.3717948717948718 0.09474522292993631 0.027972027972027972 0.08121019108280254
1 0.2301864801864802 0.4323248407643312 0.05944055944055944 0.1321656050955414
1 0.12296037296037296 0.6186305732484076 0.05944055944055944 0.042993630573248405
1 0.07867132867132867 0.7611464968152867 0.09207459207459208 0.06050955414012739
1 0.6870629370629371 0.304140127388535 0.024475524475524476 0.06687898089171974
1 0.6264568764568764 0.42595541401273884 0.054778554778554776 0.11305732484076433
