0 0.460955710955711 0.24920382165605096 0.038461538461538464 0.08439490445859872
1 0.502913752913753 0.6353503184713376 0.09906759906759907 0.08917197452229299
1 0.3752913752913753 0.7579617834394905 0.018648018648018648 0.05732484076433121
1 0.26048951048951047 0.10589171974522293 0.05944055944055944 0.1321656050955414
0 0.6777389277389277 0.8320063694267515 0.05944055944055944 0.08121019108280254
1 0.16083916083916083 0.06289808917197452 0.03263403263403263 0.07802547770700637
0 0.19463869463869463 0.44745222929936307 0.0675990675990676 0.04777070063694268
0 0.2937062937062937 0.6695859872611465 0.06293706293706294 0.052547770700636945
1 0.8921911421911422 0.12022292993630573 0.05944055944055944 0.03980891719745223
1 0.9195804195804196 0.6226114649681529 0.08624708624708624 0.06369426751592357
