0 0.8851981351981352 0.30812101910828027 0.017482517482517484 0.052547770700636945
1 0.050699300699300696 0.7571656050955414 0.05944055944055944 0.1321656050955414
2 0.9061771561771562 0.5517515923566879 0.0337995337995338 0.07802547770700637
1 0.24766899766899766 0.19506369426751594 0.05944055944055944 0.1321656050955414
1 0.7074592074592074 0.37898089171974525 0.039627039627039624 0.1305732484076433
0 0.5011655011655012 0.8320063694267515 0.04195804195804196 0.0875796178343949
2 0.2062937062937063 0.7555732484076433 0.037296037296037296 0.08439490445859872
1 0.4761072261072261 0.7428343949044586 0.08508158508158509 0.07484076433121019
2 0.578088578088578 0.022292993630573247 0.05128205128205128 0.041401273885350316
0 0.08857808857808858 0.5374203821656051 0.06526806526806526 0.04617834394904458
