2 0.7610722610722611 0.2356687898089172 0.037296037296037296 0.09554140127388536
0 0.3525641025641026 0.8813694267515924 0.054778554778554776 0.11305732484076433
1 0.5751748251748252 0.36863057324840764 0.09673659673659674 0.08121019108280254
1 0.1998834498834499 0.5127388535031847 0.05944055944055944 0.1305732484076433
0 0.06177156177156177 0.4164012738853503 0.08391608391608392 0.07802547770700637
1 0.2727272727272727 0.08837579617834394 0.08158508158508158 0.06210191082802548
1 0.8537296037296037 0.7866242038216561 0.05944055944055944 0.03503184713375796
2 0.07284382284382285 0.25477707006369427 0.038461538461538464 0.08598726114649681
2 0.5658508158508159 0.26990445859872614 0.07109557109557109 0.04936305732484077
0 0.42424242424242425 0.4593949044585987 0.037296037296037296 0.07484076433121019
