1 0.7255244755244755 0.24363057324840764 0.05944055944055944 0.1305732484076433
0 0.2162004662004662 0.36703821656050956 0.06177156177156177 0.052547770700636945
2 0.912004662004662 0.8765923566878981 0.05011655011655012 0.03343949044585987
2 0.8216783216783217 0.3853503184713376 0.06060606060606061 0.054140127388535034
1 0.16433566433566432 0.9267515923566879 0.08158508158508158 0.05732484076433121
1 0.2896270396270396 0.5055732484076433 0.08275058275058275 0.07484076433121019
2 0.337995337995338 0.1839171974522293 0.039627039627039624 0.10668789808917198
0 0.1853146853146853 0.2746815286624204 0.03263403263403263 0.07802547770700637
0 0.14627039627039626 0.5565286624203821 0.045454545454545456 0.10668789808917198
0 0.5186480186480187 0.20302547770700638 0.06293706293706294 0.052547770700636945
