1 0.7453379953379954 0.4323248407643312 0.0780885780885781 0.06210191082802548
1 0.26282051282051283 0.8893312101910829 0.05944055944055944 0.1321656050955414
2 0.8187645687645687 0.1552547770700637 0.06177156177156177 0.052547770700636945
1 0.11013986013986014 0.1998407643312102 0.05944055944055944 0.1321656050955414
1 0.539044289044289 0.3375796178343949 0.1386946386946387 0.08917197452229299
1 0.6037296037296037 0.8256369426751592 0.09557109557109557 0.06210191082802548
1 0.17307692307692307 0.1337579617834395 0.05944055944055944 0.1305732484076433
1 0.40559440559440557 0.47054140127388533 0.04428904428904429 0.13535031847133758
0 0.1148018648018648 0.7762738853503185 0.05710955710955711 0.04617834394904458
2 0.6824009324009324 0.16560509554140126 0.0337995337995338 0.07643312101910828
