2 0.946969696969697 0.7627388535031847 0.038461538461538464 0.08280254777070063
2 0.35664335664335667 0.41003184713375795 0.030303030303030304 0.07165605095541401
0 0.9009324009324009 0.3001592356687898 0.05827505827505827 0.052547770700636945
1 0.5693473193473193 0.11544585987261147 0.13403263403263405 0.09394904458598727
1 0.7465034965034965 0.8128980891719745 0.017482517482517484 0.052547770700636945
1 0.9819347319347319 0.39012738853503187 0.03613053613053613 0.04777070063694268
1 0.6631701631701632 0.535828025477707 0.08158508158508158 0.06210191082802548
1 0.16258741258741258 0.3909235668789809 0.019813519813519812 0.05573248407643312
1 0.5221445221445221 0.5517515923566879 0.07692307692307693 0.06528662420382166
0 0.10314685314685315 0.6847133757961783 0.10372960372960373 0.11146496815286625
