2 0.11946386946386946 0.39171974522292996 0.026806526806526808 0.08280254777070063
2 0.41025641025641024 0.2914012738853503 0.037296037296037296 0.08598726114649681
0 0.5168997668997669 0.785828025477707 0.06876456876456877 0.0589171974522293
1 0.09615384615384616 0.10589171974522293 0.038461538461538464 0.02388535031847134
0 0.2931235431235431 0.607484076433121 0.038461538461538464 0.08439490445859872
1 0.4166666666666667 0.9426751592356688 0.029137529137529136 0.06687898089171974
2 0.833916083916084 0.3184713375796178 0.026806526806526808 0.07643312101910828
1 0.1590909090909091 0.2125796178343949 0.017482517482517484 0.052547770700636945
1 0.28846153846153844 0.19187898089171976 0.05944055944055944 0.1321656050955414
1 0.34906759906759904 0.2746815286624204 0.026806526806526808 0.08121019108280254
