1 0.9702797202797203 0.2285031847133758 0.017482517482517484 0.052547770700636945
2 0.054778554778554776 0.6831210191082803 0.018648018648018648 0.054140127388535034
2 0.05827505827505827 0.7985668789808917 0.030303030303030304 0.07165605095541401
0 0.1958041958041958 0.1982484076433121 0.04895104895104895 0.10668789808917198
1 0.14219114219114218 0.36863057324840764 0.07692307692307693 0.052547770700636945
2 0.8572261072261073 0.47054140127388533 0.038461538461538464 0.08439490445859872
1 0.7313519813519813 0.857484076433121 0.05944055944055944 0.1321656050955414
1 0.5046620046620046 0.21656050955414013 0.030303030303030304 0.08280254777070063
1 0.18298368298368298 0.6839171974522293 0.04428904428904429 0.13535031847133758
1 0.835081585081585 0.7921974522292994 0.017482517482517484 0.052547770700636945
