0 0.8578088578088578 0.5159235668789809 0.037296037296037296 0.08598726114649681
0 0.9737762237762237 0.3176751592356688 0.019813519813519812 0.05573248407643312
2 0.7383449883449883 0.9562101910828026 0.06177156177156177 0.052547770700636945
2 0.4551282051282051 0.76671974522293 0.022144522144522144 0.06210191082802548
0 0.07925407925407925 0.5652866242038217 0.06526806526806526 0.1305732484076433
2 0.08857808857808858 0.7914012738853503 0.037296037296037296 0.08598726114649681
2 0.6555944055944056 0.5406050955414012 0.05710955710955711 0.04936305732484077
2 0.506993006993007 0.8049363057324841 0.046620046620046623 0.030254777070063694
2 0.12645687645687645 0.7245222929936306 0.03146853146853147 0.07643312101910828
1 0.6637529137529138 0.7093949044585988 0.024475524475524476 0.06847133757961783
