1 0.358974358974359 0.47611464968152867 0.039627039627039624 0.10509554140127389
1 0.07051282051282051 0.4609872611464968 0.09673659673659674 0.08121019108280254
1 0.7465034965034965 0.5334394904458599 0.0641025641025641 0.041401273885350316
1 0.664918414918415 0.7014331210191083 0.038461538461538464 0.02388535031847134
2 0.9155011655011654 0.732484076433121 0.038461538461538464 0.08280254777070063
0 0.664918414918415 0.6488853503184714 0.05011655011655012 0.03662420382165605
2 0.9440559440559441 0.5 0.05128205128205128 0.03503184713375796
1 0.8327505827505828 0.8503184713375797 0.09207459207459208 0.08917197452229299
1 0.04603729603729604 0.6472929936305732 0.054778554778554776 0.09394904458598727
1 0.8519813519813519 0.375 0.07925407925407925 0.15127388535031847
