1 0.8461538461538461 0.7659235668789809 0.04195804195804196 0.11146496815286625
0 0.5308857808857809 0.8184713375796179 0.038461538461538464 0.03184713375796178
1 0.5262237762237763 0.23646496815286625 0.05944055944055944 0.04936305732484077
0 0.5751748251748252 0.7062101910828026 0.03146853146853147 0.06210191082802548
1 0.38403263403263405 0.5644904458598726 0.09673659673659674 0.07802547770700637
1 0.932983682983683 0.5605095541401274 0.05944055944055944 0.03821656050955414
0 0.8875291375291375 0.11624203821656051 0.0337995337995338 0.07643312101910828
2 0.6981351981351981 0.5390127388535032 0.030303030303030304 0.07165605095541401
0 0.4149184149184149 0.7714968152866242 0.07925407925407925 0.15127388535031847
1 0.5285547785547785 0.4434713375796178 0.017482517482517484 0.05573248407643312
