1 0.5198135198135199 0.31369426751592355 0.06293706293706294 0.04777070063694268
1 0.06934731934731934 0.5246815286624203 0.09673659673659674 0.08121019108280254
2 0.622960372960373 0.6226114649681529 0.05011655011655012 0.03184713375796178
1 0.9347319347319347 0.875 0.030303030303030304 0.08439490445859872
2 0.4533799533799534 0.8638535031847133 0.030303030303030304 0.07165605095541401
2 0.2977855477855478 0.36942675159235666 0.026806526806526808 0.07006369426751592
1 0.2406759906759907 0.7595541401273885 0.04079254079254079 0.025477707006369428
1 0.38344988344988346 0.4864649681528662 0.04428904428904429 0.12579617834394904
2 0.6585081585081585 0.12818471337579618 0.10023310023310024 0.06847133757961783
0 0.26107226107226106 0.5461783439490446 0.03496503496503497 0.054140127388535034
