1 0.2517482517482518 0.42356687898089174 0.05827505827505827 0.03503184713375796
1 0.1864801864801865 0.7380573248407644 0.04428904428904429 0.11942675159235669
1 0.32517482517482516 0.9076433121019108 0.037296037296037296 0.022292993630573247
1 0.10198135198135198 0.1552547770700637 0.13636363636363635 0.09394904458598727
1 0.14219114219114218 0.464171974522293 0.055944055944055944 0.03662420382165605
1 0.12062937062937062 0.9156050955414012 0.0944055944055944 0.06050955414012739
1 0.527972027972028 0.4968152866242038 0.06993006993006994 0.12738853503184713
1 0.3717948717948718 0.5286624203821656 0.06293706293706294 0.041401273885350316
1 0.8916083916083916 0.5127388535031847 0.039627039627039624 0.08280254777070063
2 0.615967365967366 0.28264331210191085 0.06177156177156177 0.052547770700636945
