2 0.3782051282051282 0.6807324840764332 0.03146853146853147 0.10031847133757962
1 0.0775058275058275 0.6990445859872612 0.08041958041958042 0.03821656050955414
1 0.9312354312354313 0.1592356687898089 0.039627039627039624 0.025477707006369428
1 0.46561771561771564 0.7436305732484076 0.05944055944055944 0.054140127388535034
0 0.22843822843822845 0.059713375796178345 0.055944055944055944 0.1035031847133758
2 0.7832167832167832 0.20302547770700638 0.02564102564102564 0.06847133757961783
1 0.0472027972027972 0.5565286624203821 0.026806526806526808 0.08439490445859872
0 0.23368298368298368 0.7611464968152867 0.038461538461538464 0.08598726114649681
0 0.7995337995337995 0.677547770700637 0.10955710955710955 0.08439490445859872
2 0.32400932400932403 0.6815286624203821 0.06060606060606061 0.054140127388535034
