1 0.21095571095571095 0.2213375796178344 0.06526806526806526 0.054140127388535034
1 0.11596736596736597 0.7890127388535032 0.09207459207459208 0.05573248407643312
0 0.8717948717948718 0.39012738853503187 0.037296037296037296 0.03184713375796178
0 0.6544289044289044 0.714171974522293 0.024475524475524476 0.06847133757961783
0 0.4970862470862471 0.6982484076433121 0.09906759906759907 0.07802547770700637
1 0.33974358974358976 0.2157643312101911 0.05944055944055944 0.1321656050955414
1 0.6031468531468531 0.7476114649681529 0.0337995337995338 0.10987261146496816
1 0.1993006993006993 0.839968152866242 0.0675990675990676 0.042993630573248405
1 0.41375291375291373 0.5501592356687898 0.018648018648018648 0.052547770700636945
1 0.6993006993006993 0.3192675159235669 0.053613053613053616 0.04617834394904458
