2 0.2062937062937063 0.23089171974522293 0.046620046620046623 0.041401273885350316
1 0.6724941724941725 0.6552547770700637 0.030303030303030304 0.06528662420382166
0 0.8578088578088578 0.39729299363057324 0.07226107226107226 0.14171974522292993
1 0.3706293706293706 0.11544585987261147 0.04195804195804196 0.030254777070063694
1 0.23892773892773891 0.7515923566878981 0.04195804195804196 0.13694267515923567
1 0.3939393939393939 0.6337579617834395 0.04195804195804196 0.028662420382165606
1 0.3339160839160839 0.47054140127388533 0.08275058275058275 0.07484076433121019
2 0.19522144522144522 0.8359872611464968 0.038461538461538464 0.08280254777070063
1 0.13752913752913754 0.5461783439490446 0.08158508158508158 0.06050955414012739
0 0.539044289044289 0.5310509554140127 0.038461538461538464 0.07484076433121019
