0 0.12237762237762238 0.35270700636942676 0.09324009324009325 0.0875796178343949
1 0.25815850815850816 0.6918789808917197 0.054778554778554776 0.11305732484076433
0 0.8904428904428905 0.06050955414012739 0.06060606060606061 0.1178343949044586
1 0.47027972027972026 0.8718152866242038 0.05944055944055944 0.1321656050955414
1 0.9784382284382285 0.3320063694267516 0.017482517482517484 0.052547770700636945
1 0.15151515151515152 0.8081210191082803 0.04195804195804196 0.12579617834394904
2 0.8793706293706294 0.7874203821656051 0.038461538461538464 0.08439490445859872
1 0.7995337995337995 0.21098726114649682 0.046620046620046623 0.030254777070063694
1 0.337995337995338 0.8996815286624203 0.09324009324009325 0.05732484076433121
1 0.4125874125874126 0.19028662420382167 0.05827505827505827 0.11305732484076433
