1 0.7092074592074592 0.464171974522293 0.05944055944055944 0.042993630573248405
2 0.0780885780885781 0.49761146496815284 0.08624708624708624 0.052547770700636945
2 0.8595571095571095 0.7292993630573248 0.038461538461538464 0.10509554140127389
1 0.3298368298368298 0.7587579617834395 0.09557109557109557 0.08121019108280254
1 0.7004662004662005 0.22611464968152867 0.037296037296037296 0.07643312101910828
0 0.12121212121212122 0.08359872611464968 0.039627039627039624 0.08121019108280254
2 0.668997668997669 0.696656050955414 0.030303030303030304 0.07165605095541401
1 0.7843822843822844 0.30971337579617836 0.09557109557109557 0.06210191082802548
1 0.2062937062937063 0.10748407643312102 0.08158508158508158 0.06210191082802548
0 0.21503496503496503 0.7189490445859873 0.03146853146853147 0.042993630573248405
