1 0.675990675990676 0.19585987261146498 0.08158508158508158 0.06050955414012739
1 0.18181818181818182 0.31289808917197454 0.08158508158508158 0.06210191082802548
1 0.7867132867132867 0.04936305732484077 0.018648018648018648 0.054140127388535034
1 0.8921911421911422 0.3678343949044586 0.08974358974358974 0.07006369426751592
1 0.5856643356643356 0.9593949044585988 0.09207459207459208 0.06210191082802548
1 0.3141025641025641 0.04538216560509554 0.08741258741258741 0.0589171974522293
0 0.5361305361305362 0.5517515923566879 0.0675990675990676 0.13535031847133758
1 0.2465034965034965 0.35270700636942676 0.045454545454545456 0.1321656050955414
2 0.14277389277389277 0.1942675159235669 0.0337995337995338 0.10191082802547771
2 0.36072261072261075 0.6480891719745223 0.0337995337995338 0.07961783439490445
