2 0.33624708624708627 0.927547770700637 0.029137529137529136 0.07802547770700637
2 0.752913752913753 0.6441082802547771 0.027972027972027972 0.06847133757961783
1 0.46445221445221446 0.9299363057324841 0.045454545454545456 0.1305732484076433
2 0.8216783216783217 0.43471337579617836 0.030303030303030304 0.08917197452229299
1 0.5588578088578089 0.7014331210191083 0.05944055944055944 0.1321656050955414
0 0.9085081585081585 0.4052547770700637 0.05244755244755245 0.03980891719745223
1 0.49242424242424243 0.8081210191082803 0.03146853146853147 0.0875796178343949
1 0.6351981351981352 0.20382165605095542 0.055944055944055944 0.054140127388535034
1 0.9627039627039627 0.1536624203821656 0.02564102564102564 0.07802547770700637
1 0.38403263403263405 0.7539808917197452 0.06643356643356643 0.17993630573248406
