1 0.20337995337995338 0.6648089171974523 0.0944055944055944 0.0589171974522293
1 0.710955710955711 0.06210191082802548 0.08158508158508158 0.06050955414012739
2 0.21212121212121213 0.410828025477707 0.039627039627039624 0.10509554140127389
2 0.921911421911422 0.5143312101910829 0.030303030303030304 0.08280254777070063
1 0.05944055944055944 0.13614649681528662 0.08158508158508158 0.06210191082802548
0 0.058857808857808856 0.2229299363057325 0.05244755244755245 0.041401273885350316
1 0.7261072261072261 0.20063694267515925 0.07925407925407925 0.06369426751592357
1 0.5495337995337995 0.08837579617834394 0.054778554778554776 0.11305732484076433
1 0.08275058275058275 0.8383757961783439 0.08158508158508158 0.06210191082802548
0 0.6223776223776224 0.4737261146496815 0.10955710955710955 0.08439490445859872
