0 0.4428904428904429 0.9371019108280255 0.04895104895104895 0.10668789808917198
1 0.30128205128205127 0.6449044585987261 0.05944055944055944 0.03503184713375796
0 0.12237762237762238 0.7515923566878981 0.06993006993006994 0.1337579617834395
2 0.502913752913753 0.7842356687898089 0.03146853146853147 0.06210191082802548
1 0.5093240093240093 0.20461783439490447 0.09557109557109557 0.08121019108280254
1 0.4388111888111888 0.8128980891719745 0.05944055944055944 0.1321656050955414
0 0.36713286713286714 0.8431528662420382 0.046620046620046623 0.1035031847133758
1 0.1317016317016317 0.10429936305732485 0.04428904428904429 0.13535031847133758
2 0.2162004662004662 0.4434713375796178 0.038461538461538464 0.08439490445859872
1 0.8793706293706294 0.7890127388535032 0.05944055944055944 0.1321656050955414
