1 0.1381118881118881 0.8781847133757962 0.0944055944055944 0.0875796178343949
0 0.7261072261072261 0.9339171974522293 0.10955710955710955 0.08439490445859872
1 0.42715617715617715 0.8606687898089171 0.03146853146853147 0.0875796178343949
1 0.14801864801864803 0.21019108280254778 0.04428904428904429 0.11464968152866242
1 0.15384615384615385 0.7396496815286624 0.08158508158508158 0.06210191082802548
1 0.2803030303030303 0.12818471337579618 0.01282051282051282 0.07802547770700637
0 0.05303030303030303 0.8200636942675159 0.05944055944055944 0.04777070063694268
1 0.270979020979021 0.6656050955414012 0.05944055944055944 0.1305732484076433
1 0.4114219114219114 0.554140127388535 0.02564102564102564 0.06687898089171974
0 0.15268065268065267 0.48487261146496813 0.04428904428904429 0.08121019108280254
