1 0.19522144522144522 0.7205414012738853 0.04079254079254079 0.09713375796178345
1 0.4155011655011655 0.31369426751592355 0.045454545454545456 0.11146496815286625
1 0.07167832167832168 0.3734076433121019 0.019813519813519812 0.06528662420382166
1 0.10839160839160839 0.14888535031847133 0.06060606060606061 0.03980891719745223
1 0.5384615384615384 0.8773885350318471 0.039627039627039624 0.1305732484076433
1 0.030303030303030304 0.23487261146496816 0.04428904428904429 0.10987261146496816
1 0.6474358974358975 0.6847133757961783 0.07575757575757576 0.050955414012738856
0 0.11538461538461539 0.822452229299363 0.030303030303030304 0.07165605095541401
2 0.46678321678321677 0.6281847133757962 0.038461538461538464 0.08121019108280254
2 0.3327505827505827 0.8781847133757962 0.038461538461538464 0.08439490445859872
