1 0.5151515151515151 0.8988853503184714 0.055944055944055944 0.03662420382165605
0 0.34906759906759904 0.0804140127388535 0.054778554778554776 0.11305732484076433
1 0.38286713286713286 0.41878980891719747 0.05244755244755245 0.1464968152866242
1 0.18298368298368298 0.4593949044585987 0.08391608391608392 0.07484076433121019
1 0.6614219114219114 0.7101910828025477 0.10139860139860139 0.08280254777070063
2 0.8321678321678322 0.160828025477707 0.030303030303030304 0.08917197452229299
1 0.5413752913752914 0.36942675159235666 0.017482517482517484 0.054140127388535034
1 0.31876456876456877 0.9355095541401274 0.08275058275058275 0.07484076433121019
2 0.5064102564102564 0.35589171974522293 0.0337995337995338 0.09394904458598727
1 0.7249417249417249 0.43869426751592355 0.016317016317016316 0.052547770700636945
