0 0.27855477855477856 0.8144904458598726 0.06293706293706294 0.04936305732484077
1 0.035547785547785545 0.35270700636942676 0.04312354312354312 0.09076433121019108
2 0.23193473193473194 0.3001592356687898 0.030303030303030304 0.07165605095541401
1 0.6095571095571095 0.5135350318471338 0.14685314685314685 0.09394904458598727
1 0.44347319347319347 0.8065286624203821 0.08275058275058275 0.07484076433121019
1 0.8927738927738927 0.6464968152866242 0.07692307692307693 0.1337579617834395
1 0.5903263403263403 0.06926751592356688 0.05944055944055944 0.1321656050955414
2 0.502913752913753 0.8590764331210191 0.0337995337995338 0.07802547770700637
1 0.4865967365967366 0.23487261146496816 0.054778554778554776 0.03343949044585987
2 0.6998834498834499 0.6910828025477707 0.03613053613053613 0.10191082802547771
