0 0.11247086247086246 0.6520700636942676 0.06177156177156177 0.04936305732484077
2 0.9347319347319347 0.11385350318471338 0.02564102564102564 0.07165605095541401
2 0.2972027972027972 0.8972929936305732 0.027972027972027972 0.06847133757961783
1 0.6940559440559441 0.75 0.09673659673659674 0.09554140127388536
0 0.9731934731934732 0.4068471337579618 0.037296037296037296 0.06528662420382166
0 0.08216783216783216 0.8527070063694268 0.06177156177156177 0.12898089171974522
0 0.4405594405594406 0.7093949044585988 0.09324009324009325 0.0875796178343949
1 0.8426573426573427 0.8638535031847133 0.018648018648018648 0.052547770700636945
0 0.30361305361305363 0.48009554140127386 0.09906759906759907 0.1035031847133758
1 0.12762237762237763 0.4315286624203822 0.0780885780885781 0.06687898089171974
