1 0.14627039627039626 0.5135350318471338 0.05944055944055944 0.1321656050955414
1 0.17249417249417248 0.18152866242038215 0.09090909090909091 0.05732484076433121
1 0.9026806526806527 0.9426751592356688 0.0944055944055944 0.06050955414012739
2 0.48834498834498835 0.1520700636942675 0.02564102564102564 0.08439490445859872
1 0.5699300699300699 0.660828025477707 0.06526806526806526 0.1305732484076433
1 0.8257575757575758 0.5429936305732485 0.038461538461538464 0.11146496815286625
0 0.6853146853146853 0.7237261146496815 0.09090909090909091 0.18312101910828024
1 0.11247086247086246 0.059713375796178345 0.0641025641025641 0.04936305732484077
1 0.7925407925407926 0.7818471337579618 0.09324009324009325 0.06050955414012739
2 0.43414918414918413 0.6807324840764332 0.024475524475524476 0.07165605095541401
