1 0.1486013986013986 0.2659235668789809 0.07575757575757576 0.054140127388535034
0 0.44696969696969696 0.25079617834394907 0.045454545454545456 0.10668789808917198
2 0.4155011655011655 0.4578025477707006 0.017482517482517484 0.04936305732484077
1 0.38519813519813517 0.39729299363057324 0.08508158508158509 0.0589171974522293
0 0.7138694638694638 0.4578025477707006 0.024475524475524476 0.06847133757961783
0 0.9568764568764568 0.31687898089171973 0.05128205128205128 0.04777070063694268
1 0.22785547785547786 0.6122611464968153 0.026806526806526808 0.08121019108280254
1 0.0775058275058275 0.6218152866242038 0.04079254079254079 0.02388535031847134
2 0.1993006993006993 0.3980891719745223 0.030303030303030304 0.06369426751592357
2 0.3129370629370629 0.12181528662420382 0.05710955710955711 0.03662420382165605
