2 0.8356643356643356 0.46337579617834396 0.023310023310023312 0.0732484076433121
1 0.6526806526806527 0.04060509554140127 0.08158508158508158 0.06210191082802548
2 0.22494172494172493 0.445859872611465 0.046620046620046623 0.041401273885350316
1 0.722027972027972 0.35987261146496813 0.05710955710955711 0.03821656050955414
1 0.7931235431235432 0.34156050955414013 0.03146853146853147 0.0875796178343949
1 0.8986013986013986 0.6202229299363057 0.08158508158508158 0.06210191082802548
0 0.23834498834498835 0.11385350318471338 0.07575757575757576 0.04617834394904458
0 0.4597902097902098 0.09952229299363058 0.07575757575757576 0.12898089171974522
1 0.3106060606060606 0.7898089171974523 0.045454545454545456 0.1305732484076433
1 0.9755244755244755 0.14888535031847133 0.04428904428904429 0.08121019108280254
