1 0.07575757575757576 0.09076433121019108 0.08624708624708624 0.06369426751592357
1 0.11072261072261072 0.3718152866242038 0.09557109557109557 0.06210191082802548
1 0.3076923076923077 0.5859872611464968 0.04195804195804196 0.1178343949044586
1 0.7249417249417249 0.6894904458598726 0.055944055944055944 0.03184713375796178
0 0.053613053613053616 0.535828025477707 0.07226107226107226 0.1321656050955414
1 0.8723776223776224 0.44187898089171973 0.038461538461538464 0.08439490445859872
2 0.6993006993006993 0.9164012738853503 0.027972027972027972 0.06847133757961783
1 0.5681818181818182 0.9514331210191083 0.05944055944055944 0.03662420382165605
1 0.418997668997669 0.0875796178343949 0.05944055944055944 0.1305732484076433
1 0.5180652680652681 0.31130573248407645 0.054778554778554776 0.042993630573248405
