0 0.20687645687645687 0.7269108280254777 0.07575757575757576 0.12898089171974522
1 0.49417249417249415 0.8757961783439491 0.07692307692307693 0.06687898089171974
1 0.035547785547785545 0.054140127388535034 0.06177156177156177 0.03821656050955414
2 0.8228438228438228 0.5748407643312102 0.027972027972027972 0.09235668789808917
2 0.35955710955710957 0.7985668789808917 0.03146853146853147 0.07484076433121019
1 0.21386946386946387 0.07484076433121019 0.026806526806526808 0.07961783439490445
1 0.7301864801864801 0.19506369426751594 0.05011655011655012 0.03662420382165605
0 0.058857808857808856 0.357484076433121 0.03146853146853147 0.042993630573248405
1 0.34324009324009325 0.22372611464968153 0.029137529137529136 0.0875796178343949
1 0.3333333333333333 0.9235668789808917 0.030303030303030304 0.06369426751592357
