2 0.6736596736596736 0.8232484076433121 0.03263403263403263 0.06687898089171974
1 0.9061771561771562 0.8431528662420382 0.1317016317016317 0.09076433121019108
1 0.36596736596736595 0.8431528662420382 0.04195804195804196 0.12579617834394904
1 0.25990675990675993 0.07006369426751592 0.06060606060606061 0.06050955414012739
2 0.337995337995338 0.25398089171974525 0.030303030303030304 0.0875796178343949
1 0.16142191142191142 0.5485668789808917 0.05944055944055944 0.1321656050955414
1 0.5285547785547785 0.7046178343949044 0.054778554778554776 0.03343949044585987
0 0.541958041958042 0.20621019108280256 0.03263403263403263 0.08121019108280254
1 0.1346153846153846 0.19506369426751594 0.13636363636363635 0.0875796178343949
1 0.06526806526806526 0.6098726114649682 0.08391608391608392 0.18789808917197454
