2 0.7354312354312355 0.17436305732484075 0.055944055944055944 0.030254777070063694
1 0.3764568764568765 0.3105095541401274 0.05827505827505827 0.050955414012738856
0 0.3916083916083916 0.3718152866242038 0.07925407925407925 0.06210191082802548
2 0.833916083916084 0.32961783439490444 0.05710955710955711 0.03821656050955414
2 0.6416083916083916 0.7746815286624203 0.038461538461538464 0.08121019108280254
1 0.5104895104895105 0.7173566878980892 0.08158508158508158 0.06210191082802548
2 0.10897435897435898 0.059713375796178345 0.0337995337995338 0.07802547770700637
1 0.06701631701631702 0.19347133757961785 0.054778554778554776 0.11305732484076433
2 0.8851981351981352 0.39012738853503187 0.038461538461538464 0.08280254777070063
2 0.8251748251748252 0.0963375796178344 0.046620046620046623 0.030254777070063694
