1 0.14976689976689977 0.5461783439490446 0.05944055944055944 0.1305732484076433
0 0.38752913752913754 0.9450636942675159 0.06177156177156177 0.052547770700636945
0 0.1660839160839161 0.43630573248407645 0.06876456876456877 0.054140127388535034
1 0.946969696969697 0.17436305732484075 0.019813519813519812 0.05573248407643312
1 0.5011655011655012 0.13296178343949044 0.018648018648018648 0.05573248407643312
0 0.710955710955711 0.40923566878980894 0.03496503496503497 0.0732484076433121
0 0.04487179487179487 0.518312101910828 0.03146853146853147 0.06210191082802548
0 0.4557109557109557 0.31687898089171973 0.03496503496503497 0.054140127388535034
2 0.9137529137529138 0.9227707006369427 0.037296037296037296 0.08439490445859872
1 0.06351981351981352 0.875 0.09207459207459208 0.06528662420382166
