2 0.7057109557109557 0.2484076433121019 0.029137529137529136 0.08280254777070063
1 0.8916083916083916 0.6998407643312102 0.05128205128205128 0.04617834394904458
1 0.2948717948717949 0.13694267515923567 0.08158508158508158 0.06050955414012739
2 0.5099067599067599 0.3351910828025478 0.019813519813519812 0.04936305732484077
1 0.32634032634032634 0.8837579617834395 0.08158508158508158 0.06050955414012739
1 0.8782051282051282 0.5127388535031847 0.038461538461538464 0.11146496815286625
0 0.5705128205128205 0.16719745222929935 0.1386946386946387 0.1178343949044586
1 0.8409090909090909 0.5636942675159236 0.017482517482517484 0.050955414012738856
2 0.5885780885780886 0.5055732484076433 0.030303030303030304 0.07165605095541401
2 0.87004662004662 0.8192675159235668 0.0337995337995338 0.07802547770700637
