2 0.5565268065268065 0.9195859872611465 0.06177156177156177 0.042993630573248405
1 0.2301864801864802 0.8065286624203821 0.05944055944055944 0.1321656050955414
1 0.5868298368298368 0.679140127388535 0.054778554778554776 0.11305732484076433
1 0.45104895104895104 0.5230891719745223 0.039627039627039624 0.02388535031847134
1 0.7395104895104895 0.49203821656050956 0.0780885780885781 0.1337579617834395
1 0.14277389277389277 0.1305732484076433 0.05944055944055944 0.03503184713375796
1 0.6351981351981352 0.5103503184713376 0.05128205128205128 0.11942675159235669
1 0.24883449883449885 0.285828025477707 0.08741258741258741 0.07484076433121019
1 0.043706293706293704 0.13296178343949044 0.05944055944055944 0.1321656050955414
1 0.3752913752913753 0.6210191082802548 0.11655011655011654 0.10828025477707007
