1 0.1754079254079254 0.6058917197452229 0.09207459207459208 0.06210191082802548
1 0.5955710955710956 0.5820063694267515 0.06993006993006994 0.05573248407643312
0 0.7196969696969697 0.4570063694267516 0.0337995337995338 0.07643312101910828
2 0.8828671328671329 0.37101910828025475 0.022144522144522144 0.06369426751592357
2 0.9586247086247086 0.6345541401273885 0.06643356643356643 0.04936305732484077
0 0.9638694638694638 0.07245222929936306 0.05128205128205128 0.04617834394904458
1 0.42365967365967366 0.07085987261146497 0.029137529137529136 0.0875796178343949
2 0.40326340326340326 0.6289808917197452 0.023310023310023312 0.06687898089171974
2 0.16317016317016317 0.8304140127388535 0.013986013986013986 0.03980891719745223
0 0.8543123543123543 0.14888535031847133 0.027972027972027972 0.06847133757961783
