1 0.5635198135198135 0.07961783439490445 0.03613053613053613 0.022292993630573247
1 0.7686480186480187 0.5501592356687898 0.03146853146853147 0.08121019108280254
1 0.1754079254079254 0.5796178343949044 0.05944055944055944 0.04777070063694268
2 0.4417249417249417 0.8304140127388535 0.030303030303030304 0.0875796178343949
0 0.14160839160839161 0.2945859872611465 0.08275058275058275 0.17834394904458598
2 0.7931235431235432 0.08121019108280254 0.024475524475524476 0.0732484076433121
1 0.8968531468531469 0.7778662420382165 0.05944055944055944 0.1321656050955414
1 0.46911421911421913 0.4601910828025478 0.05944055944055944 0.1305732484076433
2 0.9143356643356644 0.392515923566879 0.10606060606060606 0.07802547770700637
1 0.5891608391608392 0.40843949044585987 0.08275058275058275 0.07484076433121019
