2 0.7995337995337995 0.4482484076433121 0.02097902097902098 0.06210191082802548
1 0.9353146853146853 0.8829617834394905 0.05944055944055944 0.1321656050955414
1 0.30594405594405594 0.6648089171974523 0.08275058275058275 0.07484076433121019
1 0.4230769230769231 0.8996815286624203 0.023310023310023312 0.050955414012738856
1 0.20046620046620048 0.25557324840764334 0.055944055944055944 0.03662420382165605
1 0.6427738927738927 0.18710191082802546 0.09207459207459208 0.06528662420382166
2 0.2097902097902098 0.14888535031847133 0.027972027972027972 0.06847133757961783
2 0.28496503496503495 0.2085987261146497 0.05944055944055944 0.044585987261146494
0 0.2092074592074592 0.4012738853503185 0.05244755244755245 0.041401273885350316
2 0.1346153846153846 0.6839171974522293 0.019813519813519812 0.0589171974522293
