2 0.30594405594405594 0.21337579617834396 0.026806526806526808 0.08917197452229299
2 0.2301864801864802 0.6218152866242038 0.0337995337995338 0.07802547770700637
2 0.5897435897435898 0.07722929936305732 0.046620046620046623 0.030254777070063694
0 0.581002331002331 0.9267515923566879 0.05244755244755245 0.044585987261146494
2 0.3321678321678322 0.9530254777070064 0.023310023310023312 0.05573248407643312
0 0.04079254079254079 0.42356687898089174 0.05827505827505827 0.050955414012738856
1 0.3350815850815851 0.5421974522292994 0.05944055944055944 0.1321656050955414
1 0.6462703962703963 0.3160828025477707 0.054778554778554776 0.11305732484076433
1 0.011072261072261072 0.6090764331210191 0.017482517482517484 0.04936305732484077
1 0.8607226107226107 0.32722929936305734 0.08275058275058275 0.07484076433121019
