1 0.736013986013986 0.8869426751592356 0.0780885780885781 0.06687898089171974
2 0.14160839160839161 0.6839171974522293 0.05944055944055944 0.052547770700636945
2 0.3741258741258741 0.8471337579617835 0.06060606060606061 0.1178343949044586
1 0.24825174825174826 0.41003184713375795 0.02564102564102564 0.06847133757961783
1 0.5250582750582751 0.2571656050955414 0.029137529137529136 0.08121019108280254
1 0.34207459207459207 0.5199044585987261 0.06177156177156177 0.03980891719745223
2 0.04428904428904429 0.43312101910828027 0.05128205128205128 0.041401273885350316
2 0.7709790209790209 0.4140127388535032 0.08041958041958042 0.050955414012738856
1 0.5938228438228438 0.4450636942675159 0.05710955710955711 0.052547770700636945
2 0.16433566433566432 0.09156050955414012 0.030303030303030304 0.07802547770700637
