1 0.9020979020979021 0.5023885350318471 0.08158508158508158 0.06210191082802548
2 0.7336829836829837 0.42436305732484075 0.06177156177156177 0.052547770700636945
0 0.4178321678321678 0.48009554140127386 0.0641025641025641 0.0589171974522293
0 0.6113053613053613 0.6345541401273885 0.047785547785547784 0.06210191082802548
2 0.5996503496503497 0.4012738853503185 0.026806526806526808 0.09235668789808917
1 0.7231934731934732 0.732484076433121 0.0944055944055944 0.05732484076433121
1 0.8286713286713286 0.6090764331210191 0.018648018648018648 0.05573248407643312
1 0.4970862470862471 0.40445859872611467 0.08741258741258741 0.07006369426751592
1 0.7645687645687645 0.26990445859872614 0.08158508158508158 0.06210191082802548
1 0.047785547785547784 0.48168789808917195 0.08158508158508158 0.06210191082802548
