1 0.34382284382284384 0.9434713375796179 0.030303030303030304 0.08439490445859872
0 0.058857808857808856 0.731687898089172 0.06177156177156177 0.04936305732484077
1 0.3129370629370629 0.1807324840764331 0.05944055944055944 0.1321656050955414
2 0.4568764568764569 0.339171974522293 0.030303030303030304 0.07006369426751592
1 0.16258741258741258 0.42754777070063693 0.07109557109557109 0.17993630573248406
2 0.46911421911421913 0.9219745222929936 0.038461538461538464 0.08598726114649681
2 0.23193473193473194 0.5820063694267515 0.027972027972027972 0.06847133757961783
2 0.10314685314685315 0.49601910828025475 0.03146853146853147 0.10031847133757962
1 0.08682983682983683 0.25238853503184716 0.05710955710955711 0.052547770700636945
2 0.3071095571095571 0.08280254777070063 0.022144522144522144 0.06050955414012739
