0 0.47027972027972026 0.09554140127388536 0.09906759906759907 0.08917197452229299
2 0.6724941724941725 0.6409235668789809 0.023310023310023312 0.05573248407643312
2 0.9428904428904429 0.7730891719745223 0.06060606060606061 0.052547770700636945
1 0.26048951048951047 0.7014331210191083 0.08508158508158509 0.0589171974522293
2 0.3991841491841492 0.37738853503184716 0.029137529137529136 0.09554140127388536
0 0.9423076923076923 0.910031847133758 0.05011655011655012 0.03662420382165605
1 0.2517482517482518 0.4785031847133758 0.046620046620046623 0.06210191082802548
1 0.6351981351981352 0.5246815286624203 0.05128205128205128 0.0875796178343949
2 0.14277389277389277 0.9482484076433121 0.038461538461538464 0.08439490445859872
2 0.5372960372960373 0.5079617834394905 0.02564102564102564 0.07006369426751592
