2 0.7162004662004662 0.3893312101910828 0.05944055944055944 0.04617834394904458
1 0.9493006993006993 0.22929936305732485 0.05944055944055944 0.1305732484076433
0 0.4353146853146853 0.4164012738853503 0.038461538461538464 0.08439490445859872
1 0.5844988344988346 0.06289808917197452 0.0944055944055944 0.09076433121019108
1 0.25582750582750585 0.8742038216560509 0.019813519813519812 0.05732484076433121
0 0.3688811188811189 0.9171974522292994 0.05011655011655012 0.044585987261146494
1 0.047785547785547784 0.07484076433121019 0.02097902097902098 0.06687898089171974
1 0.5751748251748252 0.5788216560509554 0.05944055944055944 0.1321656050955414
0 0.5932400932400932 0.13853503184713375 0.04895104895104895 0.044585987261146494
0 0.4568764568764569 0.24044585987261147 0.053613053613053616 0.04777070063694268
