1 0.7319347319347319 0.7117834394904459 0.04428904428904429 0.11464968152866242
2 0.46736596736596736 0.2285031847133758 0.0675990675990676 0.04617834394904458
1 0.7278554778554779 0.18550955414012738 0.04079254079254079 0.0875796178343949
0 0.3106060606060606 0.8351910828025477 0.047785547785547784 0.06210191082802548
0 0.9318181818181818 0.5270700636942676 0.024475524475524476 0.06687898089171974
2 0.23834498834498835 0.14968152866242038 0.05244755244755245 0.041401273885350316
1 0.9702797202797203 0.6863057324840764 0.05944055944055944 0.05732484076433121
1 0.3344988344988345 0.6886942675159236 0.0979020979020979 0.10668789808917198
1 0.7348484848484849 0.07245222929936306 0.045454545454545456 0.12261146496815287
1 0.6369463869463869 0.5509554140127388 0.08741258741258741 0.07006369426751592
