0 0.756993006993007 0.10111464968152867 0.09673659673659674 0.07802547770700637
1 0.022144522144522144 0.11385350318471338 0.027972027972027972 0.08121019108280254
1 0.3414918414918415 0.6218152866242038 0.037296037296037296 0.08121019108280254
1 0.14102564102564102 0.5883757961783439 0.08158508158508158 0.06210191082802548
2 0.5011655011655012 0.17595541401273884 0.039627039627039624 0.10987261146496816
1 0.32284382284382285 0.9251592356687898 0.06993006993006994 0.06369426751592357
2 0.6998834498834499 0.4840764331210191 0.017482517482517484 0.050955414012738856
1 0.2202797202797203 0.9538216560509554 0.039627039627039624 0.025477707006369428
1 0.6666666666666666 0.8980891719745223 0.03263403263403263 0.08598726114649681
0 0.40675990675990675 0.7906050955414012 0.0675990675990676 0.04936305732484077
