1 0.5407925407925408 0.5 0.06993006993006994 0.12738853503184713
1 0.8869463869463869 0.06289808917197452 0.04895104895104895 0.04617834394904458
0 0.3304195804195804 0.839968152866242 0.0337995337995338 0.08121019108280254
0 0.09557109557109557 0.7810509554140127 0.06293706293706294 0.052547770700636945
2 0.5052447552447552 0.07245222929936306 0.038461538461538464 0.08439490445859872
0 0.6707459207459208 0.26990445859872614 0.054778554778554776 0.11305732484076433
1 0.7307692307692307 0.23646496815286625 0.06060606060606061 0.03662420382165605
2 0.1655011655011655 0.8550955414012739 0.018648018648018648 0.050955414012738856
2 0.44522144522144524 0.6186305732484076 0.039627039627039624 0.10987261146496816
2 0.047785547785547784 0.21735668789808918 0.027972027972027972 0.06847133757961783
