0 0.23484848484848486 0.5692675159235668 0.03613053613053613 0.02388535031847134
0 0.34906759906759904 0.697452229299363 0.024475524475524476 0.06687898089171974
1 0.27564102564102566 0.39729299363057324 0.05944055944055944 0.1321656050955414
1 0.62995337995338 0.6878980891719745 0.05944055944055944 0.1305732484076433
2 0.3484848484848485 0.572452229299363 0.039627039627039624 0.08121019108280254
0 0.5238927738927739 0.339171974522293 0.06177156177156177 0.050955414012738856
2 0.10198135198135198 0.3853503184713376 0.05244755244755245 0.041401273885350316
1 0.8910256410256411 0.37022292993630573 0.13636363636363635 0.09076433121019108
1 0.965034965034965 0.7547770700636943 0.05827505827505827 0.03821656050955414
0 0.15442890442890442 0.04856687898089172 0.05244755244755245 0.04617834394904458
