0 0.7709790209790209 0.856687898089172 0.0641025641025641 0.06050955414012739
1 0.30186480186480186 0.16560509554140126 0.06060606060606061 0.06369426751592357
1 0.0844988344988345 0.34235668789808915 0.05944055944055944 0.1305732484076433
1 0.243006993006993 0.8718152866242038 0.05944055944055944 0.1321656050955414
1 0.22435897435897437 0.3335987261146497 0.13403263403263405 0.09394904458598727
1 0.0472027972027972 0.0875796178343949 0.08741258741258741 0.06369426751592357
2 0.747086247086247 0.5079617834394905 0.03263403263403263 0.10191082802547771
1 0.5769230769230769 0.16560509554140126 0.053613053613053616 0.04777070063694268
2 0.7797202797202797 0.1337579617834395 0.06526806526806526 0.03821656050955414
2 0.35955710955710957 0.375 0.03146853146853147 0.0875796178343949
