2 0.504079254079254 0.07882165605095541 0.045454545454545456 0.042993630573248405
1 0.1048951048951049 0.9179936305732485 0.04195804195804196 0.12261146496815287
1 0.4353146853146853 0.7595541401273885 0.1386946386946387 0.08917197452229299
0 0.9731934731934732 0.29936305732484075 0.053613053613053616 0.04777070063694268
0 0.045454545454545456 0.1807324840764331 0.07925407925407925 0.06210191082802548
1 0.763986013986014 0.929140127388535 0.05944055944055944 0.03662420382165605
1 0.6386946386946387 0.1409235668789809 0.14918414918414918 0.09713375796178345
1 0.12762237762237763 0.09474522292993631 0.05710955710955711 0.03662420382165605
2 0.6765734265734266 0.5310509554140127 0.06177156177156177 0.03980891719745223
2 0.9289044289044289 0.41321656050955413 0.11188811188811189 0.07802547770700637
