1 0.8362470862470862 0.32802547770700635 0.0337995337995338 0.09235668789808917
1 0.6905594405594405 0.37738853503184716 0.04079254079254079 0.025477707006369428
0 0.391025641025641 0.7953821656050956 0.054778554778554776 0.11305732484076433
1 0.20279720279720279 0.6218152866242038 0.04195804195804196 0.12579617834394904
1 0.905011655011655 0.08678343949044585 0.09673659673659674 0.08121019108280254
2 0.7237762237762237 0.7340764331210191 0.02097902097902098 0.050955414012738856
0 0.3344988344988345 0.3662420382165605 0.08857808857808858 0.07006369426751592
1 0.23193473193473194 0.22452229299363058 0.08391608391608392 0.18789808917197454
1 0.5775058275058275 0.8718152866242038 0.05944055944055944 0.1321656050955414
1 0.5431235431235432 0.43312101910828027 0.027972027972027972 0.07961783439490445
