0 0.6398601398601399 0.25557324840764334 0.030303030303030304 0.06210191082802548
1 0.18356643356643357 0.9578025477707006 0.026806526806526808 0.06847133757961783
2 0.6322843822843823 0.375 0.054778554778554776 0.03980891719745223
2 0.6893939393939394 0.34156050955414013 0.0337995337995338 0.07802547770700637
2 0.1987179487179487 0.1767515923566879 0.038461538461538464 0.08280254777070063
1 0.4988344988344988 0.6146496815286624 0.08158508158508158 0.06050955414012739
0 0.3554778554778555 0.12977707006369427 0.027972027972027972 0.08121019108280254
0 0.3968531468531469 0.7651273885350318 0.038461538461538464 0.08439490445859872
1 0.18065268065268064 0.4912420382165605 0.05128205128205128 0.11942675159235669
1 0.19405594405594406 0.054140127388535034 0.0780885780885781 0.06687898089171974
