1 0.6451048951048951 0.10031847133757962 0.054778554778554776 0.12101910828025478
0 0.4393939393939394 0.3320063694267516 0.05128205128205128 0.0875796178343949
2 0.30594405594405594 0.4785031847133758 0.06177156177156177 0.052547770700636945
1 0.8618881118881119 0.3734076433121019 0.0944055944055944 0.0589171974522293
0 0.6806526806526807 0.24920382165605096 0.05827505827505827 0.052547770700636945
1 0.87995337995338 0.23487261146496816 0.039627039627039624 0.02388535031847134
1 0.058857808857808856 0.16719745222929935 0.019813519813519812 0.05732484076433121
0 0.6369463869463869 0.6950636942675159 0.09906759906759907 0.09076433121019108
1 0.6060606060606061 0.429140127388535 0.06526806526806526 0.042993630573248405
0 0.5192307692307693 0.1823248407643312 0.07109557109557109 0.06210191082802548
