1 0.32284382284382285 0.9243630573248408 0.030303030303030304 0.07165605095541401
1 0.8554778554778555 0.39888535031847133 0.02564102564102564 0.07165605095541401
1 0.2872960372960373 0.28423566878980894 0.05944055944055944 0.1321656050955414
1 0.1754079254079254 0.875 0.09207459207459208 0.06528662420382166
0 0.1864801864801865 0.9633757961783439 0.06060606060606061 0.06050955414012739
2 0.46794871794871795 0.2269108280254777 0.05944055944055944 0.03980891719745223
2 0.3548951048951049 0.6664012738853503 0.06177156177156177 0.03980891719745223
1 0.7395104895104895 0.5047770700636943 0.05011655011655012 0.04777070063694268
1 0.3921911421911422 0.9211783439490446 0.05944055944055944 0.04936305732484077
1 0.9085081585081585 0.35509554140127386 0.026806526806526808 0.07961783439490445
