0 0.2523310023310023 0.9761146496815286 0.05011655011655012 0.044585987261146494
2 0.8688811188811189 0.6488853503184714 0.03146853146853147 0.06210191082802548
1 0.5495337995337995 0.8240445859872612 0.05944055944055944 0.1321656050955414
1 0.3717948717948718 0.9593949044585988 0.09557109557109557 0.06210191082802548
1 0.4755244755244755 0.7428343949044586 0.04428904428904429 0.12579617834394904
2 0.07925407925407925 0.29378980891719747 0.030303030303030304 0.07165605095541401
2 0.2977855477855478 0.10111464968152867 0.06177156177156177 0.052547770700636945
1 0.6672494172494172 0.7245222929936306 0.054778554778554776 0.12101910828025478
1 0.9388111888111889 0.2945859872611465 0.06177156177156177 0.050955414012738856
1 0.5186480186480187 0.45222929936305734 0.039627039627039624 0.025477707006369428
