1 0.050699300699300696 0.6218152866242038 0.03613053613053613 0.06528662420382166
2 0.7534965034965035 0.5039808917197452 0.05944055944055944 0.052547770700636945
2 0.8665501165501166 0.5374203821656051 0.06177156177156177 0.042993630573248405
2 0.2896270396270396 0.8694267515923567 0.05944055944055944 0.054140127388535034
1 0.6765734265734266 0.4745222929936306 0.024475524475524476 0.050955414012738856
0 0.44871794871794873 0.10509554140127389 0.023310023310023312 0.050955414012738856
2 0.24125874125874125 0.5820063694267515 0.023310023310023312 0.05573248407643312
2 0.3333333333333333 0.07404458598726114 0.04895104895104895 0.03343949044585987
1 0.8578088578088578 0.42595541401273884 0.027972027972027972 0.07802547770700637
1 0.2365967365967366 0.3503184713375796 0.04195804195804196 0.1178343949044586
