0 0.782051282051282 0.5565286624203821 0.07692307692307693 0.04617834394904458
1 0.3548951048951049 0.8646496815286624 0.05944055944055944 0.1305732484076433
1 0.546037296037296 0.5437898089171974 0.08275058275058275 0.07484076433121019
1 0.7773892773892774 0.8861464968152867 0.039627039627039624 0.02388535031847134
1 0.5716783216783217 0.8980891719745223 0.05944055944055944 0.03821656050955414
1 0.6351981351981352 0.3837579617834395 0.053613053613053616 0.044585987261146494
0 0.087995337995338 0.26990445859872614 0.03146853146853147 0.06210191082802548
0 0.398018648018648 0.5 0.03613053613053613 0.08598726114649681
2 0.47435897435897434 0.4124203821656051 0.039627039627039624 0.08598726114649681
1 0.47785547785547783 0.9506369426751592 0.08624708624708624 0.06369426751592357
