1 0.4831002331002331 0.9267515923566879 0.05944055944055944 0.041401273885350316
2 0.5337995337995338 0.42754777070063693 0.037296037296037296 0.08439490445859872
2 0.8583916083916084 0.26831210191082805 0.06177156177156177 0.052547770700636945
0 0.035547785547785545 0.22531847133757962 0.024475524475524476 0.06847133757961783
1 0.12062937062937062 0.42436305732484075 0.08275058275058275 0.07484076433121019
1 0.2680652680652681 0.7348726114649682 0.08158508158508158 0.06210191082802548
1 0.6870629370629371 0.5501592356687898 0.09906759906759907 0.09076433121019108
2 0.30477855477855476 0.6162420382165605 0.029137529137529136 0.08280254777070063
1 0.9743589743589743 0.45621019108280253 0.04895104895104895 0.1321656050955414
0 0.752913752913753 0.25477707006369427 0.10722610722610723 0.11464968152866242
