1 0.7756410256410257 0.5597133757961783 0.05710955710955711 0.04617834394904458
2 0.08041958041958042 0.8160828025477707 0.0675990675990676 0.04936305732484077
0 0.539044289044289 0.47054140127388533 0.0337995337995338 0.08121019108280254
1 0.3304195804195804 0.7078025477707006 0.029137529137529136 0.09076433121019108
2 0.5547785547785548 0.07085987261146497 0.08158508158508158 0.04936305732484077
1 0.17074592074592074 0.9546178343949044 0.08275058275058275 0.07484076433121019
1 0.4976689976689977 0.9681528662420382 0.08158508158508158 0.06050955414012739
2 0.1520979020979021 0.7181528662420382 0.06177156177156177 0.050955414012738856
1 0.4493006993006993 0.8781847133757962 0.017482517482517484 0.04617834394904458
2 0.31993006993006995 0.35589171974522293 0.08041958041958042 0.052547770700636945
