1 0.22435897435897437 0.8996815286624203 0.045454545454545456 0.1305732484076433
1 0.8333333333333334 0.2603503184713376 0.03496503496503497 0.10031847133757962
1 0.48543123543123545 0.8256369426751592 0.054778554778554776 0.11305732484076433
1 0.784965034965035 0.6799363057324841 0.026806526806526808 0.07961783439490445
0 0.7307692307692307 0.41003184713375795 0.023310023310023312 0.06847133757961783
2 0.16317016317016317 0.7945859872611465 0.05827505827505827 0.044585987261146494
0 0.3613053613053613 0.07404458598726114 0.027972027972027972 0.0589171974522293
0 0.27214452214452217 0.37579617834394907 0.0337995337995338 0.07961783439490445
2 0.7972027972027972 0.5652866242038217 0.02564102564102564 0.0732484076433121
1 0.884032634032634 0.8511146496815286 0.09906759906759907 0.08121019108280254
