1 0.22435897435897437 0.3837579617834395 0.0641025641025641 0.041401273885350316
0 0.16375291375291376 0.7515923566878981 0.06876456876456877 0.054140127388535034
1 0.331002331002331 0.60828025477707 0.02564102564102564 0.05732484076433121
0 0.7558275058275058 0.07643312101910828 0.07109557109557109 0.05732484076433121
2 0.05710955710955711 0.2714968152866242 0.0675990675990676 0.15445859872611464
1 0.9597902097902098 0.3980891719745223 0.07575757575757576 0.050955414012738856
2 0.9230769230769231 0.32722929936305734 0.030303030303030304 0.07165605095541401
1 0.060023310023310024 0.9068471337579618 0.08741258741258741 0.06528662420382166
1 0.051864801864801864 0.6273885350318471 0.06876456876456877 0.04777070063694268
0 0.49417249417249415 0.7117834394904459 0.02097902097902098 0.06050955414012739
