1 0.08100233100233101 0.8773885350318471 0.04079254079254079 0.025477707006369428
1 0.8490675990675991 0.6918789808917197 0.09673659673659674 0.08121019108280254
1 0.10081585081585082 0.3837579617834395 0.05944055944055944 0.041401273885350316
1 0.25582750582750585 0.5071656050955414 0.06643356643356643 0.1735668789808917
0 0.7948717948717948 0.041401273885350316 0.053613053613053616 0.04777070063694268
1 0.664918414918415 0.13136942675159236 0.05944055944055944 0.1321656050955414
1 0.921911421911422 0.6337579617834395 0.04428904428904429 0.12420382165605096
0 0.1998834498834499 0.11703821656050956 0.05944055944055944 0.04617834394904458
0 0.2966200466200466 0.2746815286624204 0.03146853146853147 0.07484076433121019
1 0.6730769230769231 0.6592356687898089 0.1386946386946387 0.08917197452229299
