0 0.5501165501165501 0.16560509554140126 0.09557109557109557 0.07006369426751592
1 0.36655011655011654 0.6552547770700637 0.09207459207459208 0.06528662420382166
0 0.5769230769230769 0.5302547770700637 0.05128205128205128 0.04777070063694268
1 0.918997668997669 0.03901273885350318 0.024475524475524476 0.0589171974522293
1 0.8461538461538461 0.3447452229299363 0.053613053613053616 0.06847133757961783
0 0.8269230769230769 0.7133757961783439 0.14102564102564102 0.1337579617834395
0 0.155011655011655 0.09235668789808917 0.09324009324009325 0.07961783439490445
1 0.18123543123543123 0.7229299363057324 0.05944055944055944 0.1305732484076433
0 0.44522144522144524 0.32961783439490444 0.03263403263403263 0.07961783439490445
1 0.331002331002331 0.8710191082802548 0.027972027972027972 0.07961783439490445
