2 0.04603729603729604 0.46178343949044587 0.05710955710955711 0.03821656050955414
1 0.15093240093240093 0.12898089171974522 0.029137529137529136 0.07961783439490445
0 0.6217948717948718 0.08996815286624203 0.04312354312354312 0.12261146496815287
1 0.5541958041958042 0.6154458598726115 0.029137529137529136 0.08121019108280254
1 0.3968531468531469 0.5501592356687898 0.05944055944055944 0.1321656050955414
1 0.27564102564102566 0.3893312101910828 0.05944055944055944 0.1321656050955414
1 0.6841491841491841 0.9729299363057324 0.023310023310023312 0.025477707006369428
2 0.3537296037296037 0.45063694267515925 0.06177156177156177 0.050955414012738856
2 0.5775058275058275 0.8192675159235668 0.0944055944055944 0.06210191082802548
0 0.2296037296037296 0.8264331210191083 0.06526806526806526 0.1305732484076433
