2 0.7657342657342657 0.5628980891719745 0.06060606060606061 0.052547770700636945
1 0.5268065268065268 0.7452229299363057 0.08158508158508158 0.06050955414012739
1 0.11305361305361306 0.6934713375796179 0.09557109557109557 0.06210191082802548
2 0.2703962703962704 0.07961783439490445 0.039627039627039624 0.10191082802547771
1 0.36946386946386944 0.8972929936305732 0.0675990675990676 0.052547770700636945
1 0.1963869463869464 0.47054140127388533 0.08974358974358974 0.05573248407643312
1 0.22552447552447552 0.22929936305732485 0.05944055944055944 0.1305732484076433
2 0.9749417249417249 0.9506369426751592 0.026806526806526808 0.09235668789808917
1 0.2162004662004662 0.5437898089171974 0.017482517482517484 0.052547770700636945
1 0.0675990675990676 0.8988853503184714 0.04428904428904429 0.0589171974522293
