1 0.5559440559440559 0.4785031847133758 0.07226107226107226 0.06528662420382166
2 0.7622377622377622 0.518312101910828 0.04895104895104895 0.030254777070063694
1 0.12995337995337997 0.4601910828025478 0.05944055944055944 0.1305732484076433
1 0.16083916083916083 0.34235668789808915 0.06060606060606061 0.06050955414012739
1 0.2365967365967366 0.25796178343949044 0.07692307692307693 0.06687898089171974
1 0.8618881118881119 0.7714968152866242 0.05944055944055944 0.1321656050955414
2 0.8245920745920746 0.6130573248407644 0.03146853146853147 0.07961783439490445
2 0.4370629370629371 0.4267515923566879 0.06060606060606061 0.1178343949044586
1 0.09207459207459208 0.2627388535031847 0.030303030303030304 0.06050955414012739
1 0.953962703962704 0.85828025477707 0.029137529137529136 0.06687898089171974
