1 0.7872960372960373 0.8065286624203821 0.05244755244755245 0.0875796178343949
1 0.3245920745920746 0.8941082802547771 0.09673659673659674 0.08121019108280254
2 0.4574592074592075 0.30095541401273884 0.038461538461538464 0.08280254777070063
0 0.587995337995338 0.535031847133758 0.04312354312354312 0.08598726114649681
1 0.8484848484848485 0.15843949044585987 0.05827505827505827 0.07484076433121019
1 0.539044289044289 0.929140127388535 0.1317016317016317 0.09076433121019108
1 0.5437062937062938 0.44028662420382164 0.05944055944055944 0.04617834394904458
0 0.5075757575757576 0.6480891719745223 0.11538461538461539 0.09235668789808917
0 0.38053613053613056 0.10111464968152867 0.06643356643356643 0.06847133757961783
1 0.6171328671328671 0.12977707006369427 0.05944055944055944 0.1321656050955414
