0 0.546037296037296 0.38296178343949044 0.06177156177156177 0.052547770700636945
0 0.7523310023310024 0.9490445859872612 0.0337995337995338 0.050955414012738856
1 0.9592074592074592 0.9514331210191083 0.03496503496503497 0.06847133757961783
2 0.2715617715617716 0.37022292993630573 0.030303030303030304 0.0875796178343949
0 0.4347319347319347 0.464171974522293 0.02564102564102564 0.07165605095541401
0 0.22552447552447552 0.5414012738853503 0.06643356643356643 0.04777070063694268
1 0.20862470862470864 0.32563694267515925 0.04428904428904429 0.1321656050955414
1 0.36538461538461536 0.6886942675159236 0.03146853146853147 0.06210191082802548
1 0.19289044289044288 0.8128980891719745 0.03146853146853147 0.09076433121019108
2 0.03613053613053613 0.731687898089172 0.037296037296037296 0.08439490445859872
