0 0.043706293706293704 0.48089171974522293 0.038461538461538464 0.08598726114649681
0 0.5244755244755245 0.6671974522292994 0.04195804195804196 0.08917197452229299
1 0.29545454545454547 0.4880573248407643 0.08275058275058275 0.07484076433121019
1 0.10722610722610723 0.5828025477707006 0.07925407925407925 0.06369426751592357
0 0.9749417249417249 0.5461783439490446 0.038461538461538464 0.08598726114649681
0 0.028554778554778556 0.6504777070063694 0.0337995337995338 0.08121019108280254
1 0.11946386946386946 0.7571656050955414 0.05944055944055944 0.1321656050955414
2 0.06643356643356643 0.9227707006369427 0.05827505827505827 0.052547770700636945
1 0.19696969696969696 0.21178343949044587 0.08158508158508158 0.06050955414012739
0 0.1445221445221445 0.3105095541401274 0.02564102564102564 0.050955414012738856
