1 0.2663170163170163 0.09792993630573249 0.05710955710955711 0.03343949044585987
2 0.7138694638694638 0.6281847133757962 0.0337995337995338 0.09076433121019108
2 0.2406759906759907 0.7388535031847133 0.05944055944055944 0.054140127388535034
1 0.30186480186480186 0.46894904458598724 0.04428904428904429 0.1321656050955414
1 0.460955710955711 0.8901273885350318 0.0944055944055944 0.05732484076433121
2 0.7097902097902098 0.7531847133757962 0.03263403263403263 0.06687898089171974
1 0.10023310023310024 0.1679936305732484 0.04428904428904429 0.12579617834394904
0 0.6206293706293706 0.06767515923566879 0.06177156177156177 0.052547770700636945
2 0.2062937062937063 0.4450636942675159 0.030303030303030304 0.07165605095541401
2 0.912004662004662 0.6799363057324841 0.054778554778554776 0.12101910828025478
