1 0.23717948717948717 0.037420382165605094 0.08741258741258741 0.0589171974522293
1 0.32867132867132864 0.6234076433121019 0.05128205128205128 0.04617834394904458
1 0.16142191142191142 0.5382165605095541 0.08741258741258741 0.07006369426751592
1 0.8496503496503497 0.7770700636942676 0.04195804195804196 0.025477707006369428
2 0.5506993006993007 0.5079617834394905 0.0337995337995338 0.10509554140127389
0 0.7878787878787878 0.7396496815286624 0.05827505827505827 0.052547770700636945
1 0.8088578088578089 0.6719745222929936 0.037296037296037296 0.022292993630573247
2 0.20454545454545456 0.40843949044585987 0.038461538461538464 0.08439490445859872
1 0.5635198135198135 0.8248407643312102 0.07575757575757576 0.054140127388535034
1 0.5367132867132867 0.26671974522292996 0.05944055944055944 0.1321656050955414
