2 0.5693473193473193 0.38296178343949044 0.05944055944055944 0.052547770700636945
1 0.8257575757575758 0.0804140127388535 0.05944055944055944 0.1321656050955414
1 0.23426573426573427 0.9243630573248408 0.08158508158508158 0.06210191082802548
2 0.2261072261072261 0.13296178343949044 0.018648018648018648 0.052547770700636945
1 0.6381118881118881 0.7898089171974523 0.04312354312354312 0.03184713375796178
1 0.8409090909090909 0.6234076433121019 0.05944055944055944 0.1321656050955414
2 0.9586247086247086 0.6226114649681529 0.05244755244755245 0.041401273885350316
1 0.3921911421911422 0.37101910828025475 0.017482517482517484 0.050955414012738856
1 0.4085081585081585 0.6695859872611465 0.05944055944055944 0.1321656050955414
0 0.6252913752913752 0.2372611464968153 0.05944055944055944 0.04777070063694268
