1 0.25990675990675993 0.3351910828025478 0.04895104895104895 0.042993630573248405
0 0.2803030303030303 0.4052547770700637 0.054778554778554776 0.042993630573248405
2 0.8432400932400932 0.6305732484076433 0.054778554778554776 0.03821656050955414
1 0.585081585081585 0.9450636942675159 0.013986013986013986 0.03662420382165605
0 0.06818181818181818 0.11146496815286625 0.05944055944055944 0.050955414012738856
0 0.6136363636363636 0.125 0.04079254079254079 0.09394904458598727
1 0.47144522144522144 0.3877388535031847 0.1317016317016317 0.09076433121019108
1 0.9172494172494172 0.30095541401273884 0.04195804195804196 0.1178343949044586
1 0.48484848484848486 0.24044585987261147 0.016317016317016316 0.044585987261146494
0 0.6713286713286714 0.29378980891719747 0.030303030303030304 0.06528662420382166
