0 0.9207459207459208 0.7523885350318471 0.08391608391608392 0.07484076433121019
1 0.432983682983683 0.08519108280254777 0.05944055944055944 0.1321656050955414
1 0.2896270396270396 0.3781847133757962 0.08275058275058275 0.07484076433121019
1 0.3997668997668998 0.7261146496815286 0.04895104895104895 0.044585987261146494
1 0.25524475524475526 0.5055732484076433 0.04428904428904429 0.12898089171974522
0 0.04603729603729604 0.5406050955414012 0.06643356643356643 0.06847133757961783
0 0.5641025641025641 0.40764331210191085 0.03496503496503497 0.0732484076433121
0 0.6905594405594405 0.4840764331210191 0.04312354312354312 0.03184713375796178
2 0.6585081585081585 0.18550955414012738 0.053613053613053616 0.042993630573248405
1 0.2395104895104895 0.7818471337579618 0.04079254079254079 0.022292993630573247
