0 0.049533799533799536 0.553343949044586 0.045454545454545456 0.09076433121019108
1 0.15734265734265734 0.41162420382165604 0.055944055944055944 0.03662420382165605
1 0.5402097902097902 0.9402866242038217 0.054778554778554776 0.11305732484076433
0 0.2057109557109557 0.51671974522293 0.05244755244755245 0.03980891719745223
1 0.3071095571095571 0.6019108280254777 0.04312354312354312 0.07961783439490445
2 0.916083916083916 0.4601910828025478 0.02097902097902098 0.06687898089171974
1 0.701048951048951 0.037420382165605094 0.06876456876456877 0.0589171974522293
1 0.5034965034965035 0.7890127388535032 0.08158508158508158 0.06210191082802548
2 0.7803030303030303 0.8160828025477707 0.038461538461538464 0.08121019108280254
1 0.6357808857808858 0.47770700636942676 0.13403263403263405 0.09235668789808917
