1 0.87995337995338 0.12340764331210191 0.08158508158508158 0.06210191082802548
1 0.7307692307692307 0.1536624203821656 0.018648018648018648 0.04936305732484077
2 0.05536130536130536 0.6305732484076433 0.038461538461538464 0.10509554140127389
1 0.844988344988345 0.6512738853503185 0.039627039627039624 0.025477707006369428
1 0.3962703962703963 0.8113057324840764 0.016317016317016316 0.052547770700636945
1 0.38578088578088576 0.89171974522293 0.06993006993006994 0.06369426751592357
0 0.5256410256410257 0.8829617834394905 0.030303030303030304 0.07165605095541401
2 0.5442890442890443 0.3200636942675159 0.046620046620046623 0.041401273885350316
0 0.09615384615384616 0.6711783439490446 0.03613053613053613 0.02388535031847134
2 0.9766899766899767 0.5406050955414012 0.037296037296037296 0.09713375796178345
