1 0.8968531468531469 0.982484076433121 0.04079254079254079 0.025477707006369428
0 0.715034965034965 0.677547770700637 0.05011655011655012 0.03662420382165605
1 0.4172494172494173 0.553343949044586 0.08158508158508158 0.06210191082802548
1 0.5209790209790209 0.731687898089172 0.05128205128205128 0.0875796178343949
2 0.05011655011655012 0.8511146496815286 0.02097902097902098 0.06528662420382166
2 0.8910256410256411 0.11226114649681529 0.054778554778554776 0.11305732484076433
1 0.5448717948717948 0.9378980891719745 0.017482517482517484 0.054140127388535034
1 0.5996503496503497 0.16719745222929935 0.03146853146853147 0.09235668789808917
1 0.9271561771561772 0.06210191082802548 0.017482517482517484 0.054140127388535034
1 0.1649184149184149 0.3861464968152866 0.04079254079254079 0.12261146496815287
