1 0.8088578088578089 0.7046178343949044 0.02564102564102564 0.07802547770700637
1 0.5541958041958042 0.15764331210191082 0.04079254079254079 0.025477707006369428
0 0.2680652680652681 0.4028662420382166 0.03496503496503497 0.07006369426751592
1 0.504079254079254 0.6138535031847133 0.09207459207459208 0.06528662420382166
1 0.8141025641025641 0.5835987261146497 0.026806526806526808 0.0589171974522293
0 0.6095571095571095 0.6823248407643312 0.039627039627039624 0.08439490445859872
1 0.5547785547785548 0.3980891719745223 0.030303030303030304 0.07006369426751592
1 0.5122377622377622 0.27945859872611467 0.0780885780885781 0.06528662420382166
0 0.6241258741258742 0.13535031847133758 0.029137529137529136 0.07961783439490445
2 0.21678321678321677 0.6584394904458599 0.027972027972027972 0.06847133757961783
