2 0.9248251748251748 0.7627388535031847 0.024475524475524476 0.0732484076433121
1 0.8712121212121212 0.5453821656050956 0.05944055944055944 0.1321656050955414
1 0.3560606060606061 0.6528662420382165 0.0337995337995338 0.022292993630573247
1 0.47086247086247085 0.5326433121019108 0.06993006993006994 0.06210191082802548
1 0.17074592074592074 0.4888535031847134 0.024475524475524476 0.050955414012738856
1 0.6590909090909091 0.09952229299363058 0.09673659673659674 0.08121019108280254
1 0.7354312354312355 0.48487261146496813 0.018648018648018648 0.05573248407643312
1 0.3962703962703963 0.17117834394904458 0.04895104895104895 0.042993630573248405
1 0.054778554778554776 0.822452229299363 0.05128205128205128 0.11942675159235669
0 0.5227272727272727 0.4593949044585987 0.05944055944055944 0.04617834394904458
