1 0.33624708624708627 0.7038216560509554 0.05710955710955711 0.050955414012738856
2 0.7365967365967366 0.44028662420382164 0.04895104895104895 0.1321656050955414
2 0.567016317016317 0.028662420382165606 0.05944055944055944 0.054140127388535034
2 0.8717948717948718 0.5979299363057324 0.02097902097902098 0.0589171974522293
0 0.5058275058275058 0.5780254777070064 0.03496503496503497 0.0732484076433121
1 0.5705128205128205 0.7563694267515924 0.0780885780885781 0.1337579617834395
1 0.877039627039627 0.43869426751592355 0.026806526806526808 0.08439490445859872
1 0.32517482517482516 0.08837579617834394 0.07226107226107226 0.1767515923566879
1 0.12237762237762238 0.2070063694267516 0.09557109557109557 0.05732484076433121
2 0.18706293706293706 0.51671974522293 0.08275058275058275 0.07484076433121019
