1 0.07867132867132867 0.2778662420382166 0.08275058275058275 0.07484076433121019
2 0.10664335664335664 0.8176751592356688 0.05710955710955711 0.03662420382165605
0 0.5798368298368298 0.43471337579617836 0.0337995337995338 0.0732484076433121
0 0.7004662004662005 0.42277070063694266 0.037296037296037296 0.08121019108280254
1 0.7424242424242424 0.7452229299363057 0.09090909090909091 0.05732484076433121
1 0.9271561771561772 0.8097133757961783 0.038461538461538464 0.02388535031847134
2 0.2196969696969697 0.5987261146496815 0.05011655011655012 0.03184713375796178
2 0.14627039627039626 0.4912420382165605 0.07109557109557109 0.04936305732484077
1 0.7558275058275058 0.5421974522292994 0.029137529137529136 0.09076433121019108
0 0.26165501165501165 0.30095541401273884 0.05011655011655012 0.03821656050955414
