1 0.6171328671328671 0.2778662420382166 0.09673659673659674 0.08121019108280254
1 0.12703962703962704 0.7993630573248408 0.08158508158508158 0.06050955414012739
0 0.5023310023310024 0.7961783439490446 0.053613053613053616 0.044585987261146494
1 0.5384615384615384 0.022292993630573247 0.039627039627039624 0.022292993630573247
1 0.13228438228438227 0.6743630573248408 0.08275058275058275 0.07484076433121019
1 0.21503496503496503 0.696656050955414 0.05944055944055944 0.1321656050955414
2 0.09207459207459208 0.2444267515923567 0.02564102564102564 0.07484076433121019
2 0.8531468531468531 0.5931528662420382 0.04895104895104895 0.10668789808917198
1 0.25 0.5238853503184714 0.06643356643356643 0.06369426751592357
1 0.8228438228438228 0.6855095541401274 0.08158508158508158 0.06210191082802548
