1 0.4149184149184149 0.7173566878980892 0.13286713286713286 0.09713375796178345
1 0.4965034965034965 0.5214968152866242 0.037296037296037296 0.08121019108280254
2 0.47086247086247085 0.6146496815286624 0.018648018648018648 0.050955414012738856
0 0.6526806526806527 0.2802547770700637 0.09557109557109557 0.09554140127388536
1 0.20862470862470864 0.5652866242038217 0.016317016317016316 0.050955414012738856
2 0.28846153846153844 0.8941082802547771 0.05710955710955711 0.03662420382165605
1 0.8752913752913752 0.9084394904458599 0.027972027972027972 0.08121019108280254
1 0.4230769230769231 0.4578025477707006 0.05827505827505827 0.11305732484076433
2 0.3280885780885781 0.12420382165605096 0.07342657342657342 0.050955414012738856
2 0.7552447552447552 0.6464968152866242 0.05128205128205128 0.03184713375796178
