1 0.9318181818181818 0.09554140127388536 0.08741258741258741 0.06369426751592357
1 0.9423076923076923 0.4498407643312102 0.038461538461538464 0.02388535031847134
0 0.1258741258741259 0.6878980891719745 0.055944055944055944 0.054140127388535034
1 0.6573426573426573 0.6297770700636943 0.04428904428904429 0.12898089171974522
1 0.6509324009324009 0.2643312101910828 0.08974358974358974 0.08598726114649681
1 0.4131701631701632 0.5135350318471338 0.09906759906759907 0.1035031847133758
1 0.9790209790209791 0.589968152866242 0.04195804195804196 0.03980891719745223
1 0.18240093240093241 0.17993630573248406 0.017482517482517484 0.054140127388535034
1 0.14219114219114218 0.9299363057324841 0.030303030303030304 0.07643312101910828
0 0.8257575757575758 0.732484076433121 0.06876456876456877 0.04777070063694268
