0 0.7237762237762237 0.5087579617834395 0.04428904428904429 0.0589171974522293
0 0.46736596736596736 0.6831210191082803 0.07925407925407925 0.07006369426751592
0 0.9504662004662005 0.04060509554140127 0.038461538461538464 0.06847133757961783
0 0.6311188811188811 0.20382165605095542 0.05011655011655012 0.03821656050955414
2 0.9405594405594405 0.3781847133757962 0.030303030303030304 0.07165605095541401
1 0.17832167832167833 0.7101910828025477 0.04195804195804196 0.025477707006369428
1 0.5571095571095571 0.28105095541401276 0.07459207459207459 0.1321656050955414
2 0.3111888111888112 0.18312101910828024 0.030303030303030304 0.07961783439490445
2 0.5506993006993007 0.45621019108280253 0.019813519813519812 0.05573248407643312
2 0.8234265734265734 0.6457006369426752 0.05944055944055944 0.052547770700636945
