1 0.18240093240093241 0.8264331210191083 0.06876456876456877 0.054140127388535034
2 0.5355477855477856 0.23328025477707007 0.0337995337995338 0.07802547770700637
1 0.32226107226107226 0.9442675159235668 0.045454545454545456 0.11146496815286625
1 0.2878787878787879 0.2802547770700637 0.03263403263403263 0.07006369426751592
2 0.8490675990675991 0.41878980891719747 0.04079254079254079 0.025477707006369428
1 0.548951048951049 0.6504777070063694 0.05827505827505827 0.03343949044585987
1 0.7552447552447552 0.7492038216560509 0.08158508158508158 0.06210191082802548
0 0.1386946386946387 0.6751592356687898 0.05827505827505827 0.050955414012738856
1 0.25466200466200467 0.6345541401273885 0.08275058275058275 0.07484076433121019
1 0.46853146853146854 0.3590764331210191 0.06526806526806526 0.12898089171974522
