1 0.1987179487179487 0.5732484076433121 0.038461538461538464 0.09872611464968153
2 0.0641025641025641 0.5963375796178344 0.05128205128205128 0.03343949044585987
1 0.6981351981351981 0.6011146496815286 0.039627039627039624 0.02388535031847134
2 0.8927738927738927 0.4880573248407643 0.037296037296037296 0.08439490445859872
1 0.34265734265734266 0.16003184713375795 0.08158508158508158 0.06210191082802548
1 0.9300699300699301 0.27229299363057324 0.04195804195804196 0.025477707006369428
0 0.634032634032634 0.2070063694267516 0.0675990675990676 0.06050955414012739
2 0.34207459207459207 0.7364649681528662 0.0337995337995338 0.07802547770700637
0 0.175990675990676 0.6831210191082803 0.07925407925407925 0.07006369426751592
2 0.042540792540792544 0.9402866242038217 0.029137529137529136 0.08439490445859872
