2 0.5437062937062938 0.2778662420382166 0.038461538461538464 0.08439490445859872
1 0.0168997668997669 0.21815286624203822 0.017482517482517484 0.054140127388535034
1 0.803030303030303 0.31687898089171973 0.039627039627039624 0.025477707006369428
2 0.9475524475524476 0.38057324840764334 0.06060606060606061 0.1178343949044586
1 0.884032634032634 0.4585987261146497 0.05011655011655012 0.03821656050955414
1 0.03263403263403263 0.6257961783439491 0.03496503496503497 0.09235668789808917
1 0.3210955710955711 0.7874203821656051 0.05944055944055944 0.1321656050955414
1 0.25932400932400934 0.9267515923566879 0.05944055944055944 0.1305732484076433
1 0.1346153846153846 0.8136942675159236 0.05244755244755245 0.14968152866242038
0 0.22319347319347319 0.802547770700637 0.04312354312354312 0.07961783439490445
