1 0.47435897435897434 0.303343949044586 0.037296037296037296 0.1035031847133758
2 0.2162004662004662 0.9235668789808917 0.024475524475524476 0.06687898089171974
2 0.6486013986013986 0.06289808917197452 0.06177156177156177 0.052547770700636945
2 0.2057109557109557 0.06687898089171974 0.03613053613053613 0.10191082802547771
1 0.7208624708624709 0.6027070063694268 0.05944055944055944 0.1321656050955414
2 0.40734265734265734 0.572452229299363 0.08275058275058275 0.07484076433121019
1 0.75 0.27945859872611467 0.054778554778554776 0.11305732484076433
1 0.11596736596736597 0.9546178343949044 0.07109557109557109 0.04617834394904458
1 0.11013986013986014 0.304140127388535 0.09906759906759907 0.06050955414012739
1 0.8537296037296037 0.21098726114649682 0.07109557109557109 0.04617834394904458
