1 0.8065268065268065 0.43789808917197454 0.0675990675990676 0.04777070063694268
2 0.6754079254079254 0.13614649681528662 0.05944055944055944 0.03980891719745223
0 0.5431235431235432 0.5947452229299363 0.09557109557109557 0.09076433121019108
1 0.6631701631701632 0.64171974522293 0.08158508158508158 0.06050955414012739
2 0.058857808857808856 0.7046178343949044 0.0337995337995338 0.07802547770700637
1 0.6497668997668997 0.9426751592356688 0.029137529137529136 0.07961783439490445
2 0.7575757575757576 0.08200636942675159 0.037296037296037296 0.02388535031847134
2 0.5984848484848485 0.6759554140127388 0.022144522144522144 0.07165605095541401
1 0.46736596736596736 0.8535031847133758 0.1445221445221445 0.09872611464968153
0 0.6066433566433567 0.8646496815286624 0.04312354312354312 0.06050955414012739
