1 0.921911421911422 0.9482484076433121 0.08158508158508158 0.06210191082802548
2 0.9562937062937062 0.14968152866242038 0.024475524475524476 0.0732484076433121
2 0.15093240093240093 0.10907643312101911 0.038461538461538464 0.08439490445859872
1 0.9137529137529138 0.8328025477707006 0.02097902097902098 0.06687898089171974
0 0.662004662004662 0.06289808917197452 0.0979020979020979 0.0875796178343949
0 0.6876456876456877 0.4872611464968153 0.09324009324009325 0.09872611464968153
1 0.5110722610722611 0.04538216560509554 0.05944055944055944 0.08121019108280254
1 0.6416083916083916 0.303343949044586 0.05944055944055944 0.04617834394904458
2 0.5367132867132867 0.8606687898089171 0.10606060606060606 0.07165605095541401
1 0.019813519813519812 0.36942675159235666 0.016317016317016316 0.044585987261146494
