1 0.8222610722610723 0.07563694267515923 0.054778554778554776 0.11942675159235669
1 0.9102564102564102 0.7492038216560509 0.03496503496503497 0.06847133757961783
1 0.7138694638694638 0.18949044585987262 0.017482517482517484 0.050955414012738856
1 0.28263403263403264 0.9076433121019108 0.06177156177156177 0.054140127388535034
1 0.5571095571095571 0.4538216560509554 0.046620046620046623 0.08280254777070063
1 0.36946386946386944 0.34554140127388533 0.03496503496503497 0.054140127388535034
1 0.1864801864801865 0.5613057324840764 0.04428904428904429 0.11305732484076433
1 0.3560606060606061 0.5222929936305732 0.04312354312354312 0.03184713375796178
2 0.40617715617715616 0.554140127388535 0.022144522144522144 0.06050955414012739
0 0.6818181818181818 0.5111464968152867 0.053613053613053616 0.04777070063694268
