1 0.8455710955710956 0.14410828025477707 0.054778554778554776 0.11305732484076433
1 0.3956876456876457 0.10668789808917198 0.06876456876456877 0.054140127388535034
1 0.7616550116550117 0.35828025477707004 0.07109557109557109 0.05732484076433121
0 0.2680652680652681 0.8972929936305732 0.0675990675990676 0.052547770700636945
1 0.8560606060606061 0.5788216560509554 0.09673659673659674 0.08121019108280254
1 0.03904428904428905 0.13296178343949044 0.029137529137529136 0.08121019108280254
1 0.7272727272727273 0.09952229299363058 0.10955710955710955 0.06847133757961783
1 0.10081585081585082 0.7444267515923567 0.06876456876456877 0.04617834394904458
1 0.4965034965034965 0.36863057324840764 0.030303030303030304 0.07165605095541401
2 0.9743589743589743 0.6154458598726115 0.030303030303030304 0.07802547770700637
