1 0.48484848484848486 0.6703821656050956 0.037296037296037296 0.03184713375796178
2 0.10023310023310024 0.3765923566878981 0.02097902097902098 0.06210191082802548
0 0.6019813519813519 0.696656050955414 0.0780885780885781 0.06210191082802548
1 0.8636363636363636 0.4323248407643312 0.02564102564102564 0.07165605095541401
2 0.6987179487179487 0.6512738853503185 0.03613053613053613 0.10191082802547771
1 0.9207459207459208 0.08598726114649681 0.02564102564102564 0.07643312101910828
1 0.8851981351981352 0.9132165605095541 0.05944055944055944 0.1321656050955414
1 0.5920745920745921 0.3343949044585987 0.07692307692307693 0.1337579617834395
1 0.9522144522144522 0.5429936305732485 0.04428904428904429 0.1305732484076433
1 0.15967365967365968 0.9164012738853503 0.046620046620046623 0.11305732484076433
