1 0.9201631701631702 0.7388535031847133 0.07109557109557109 0.18789808917197454
1 0.22552447552447552 0.06528662420382166 0.026806526806526808 0.07961783439490445
2 0.4761072261072261 0.9713375796178344 0.05944055944055944 0.041401273885350316
2 0.7057109557109557 0.5302547770700637 0.024475524475524476 0.07643312101910828
2 0.9341491841491841 0.31289808917197454 0.038461538461538464 0.08121019108280254
1 0.8181818181818182 0.08439490445859872 0.07925407925407925 0.07006369426751592
0 0.19463869463869463 0.8949044585987261 0.053613053613053616 0.04777070063694268
2 0.07459207459207459 0.49522292993630573 0.06060606060606061 0.1178343949044586
1 0.7389277389277389 0.7507961783439491 0.09557109557109557 0.08121019108280254
2 0.2517482517482518 0.3606687898089172 0.027972027972027972 0.06847133757961783
