0 0.30885780885780884 0.5636942675159236 0.037296037296037296 0.08598726114649681
1 0.9428904428904429 0.6910828025477707 0.08158508158508158 0.06050955414012739
1 0.5961538461538461 0.3343949044585987 0.07575757575757576 0.050955414012738856
1 0.35664335664335667 0.31289808917197454 0.027972027972027972 0.06210191082802548
1 0.33624708624708627 0.7929936305732485 0.045454545454545456 0.10828025477707007
1 0.1858974358974359 0.731687898089172 0.08275058275058275 0.07484076433121019
1 0.21445221445221446 0.607484076433121 0.039627039627039624 0.02388535031847134
2 0.25874125874125875 0.6982484076433121 0.039627039627039624 0.02388535031847134
1 0.9568764568764568 0.7921974522292994 0.018648018648018648 0.052547770700636945
1 0.45163170163170163 0.6886942675159236 0.054778554778554776 0.03662420382165605
