1 0.9271561771561772 0.37101910828025475 0.04079254079254079 0.022292993630573247
1 0.12354312354312354 0.06289808917197452 0.06060606060606061 0.04936305732484077
0 0.5034965034965035 0.8726114649681529 0.07459207459207459 0.1305732484076433
1 0.40093240093240096 0.33837579617834396 0.08624708624708624 0.0589171974522293
0 0.8041958041958042 0.5636942675159236 0.03496503496503497 0.07006369426751592
1 0.9230769230769231 0.2603503184713376 0.07226107226107226 0.04617834394904458
1 0.7575757575757576 0.2054140127388535 0.018648018648018648 0.04777070063694268
0 0.8741258741258742 0.08200636942675159 0.09557109557109557 0.07802547770700637
1 0.6182983682983683 0.8535031847133758 0.0337995337995338 0.0732484076433121
1 0.460955710955711 0.1464968152866242 0.12937062937062938 0.09872611464968153
