2 0.2296037296037296 0.2770700636942675 0.03496503496503497 0.08280254777070063
0 0.8222610722610723 0.5652866242038217 0.03613053613053613 0.04777070063694268
0 0.5868298368298368 0.25557324840764334 0.03613053613053613 0.07484076433121019
1 0.08158508158508158 0.10907643312101911 0.04428904428904429 0.08121019108280254
1 0.9423076923076923 0.5302547770700637 0.06876456876456877 0.06369426751592357
0 0.6893939393939394 0.1035031847133758 0.09673659673659674 0.09554140127388536
0 0.1958041958041958 0.07085987261146497 0.06293706293706294 0.052547770700636945
0 0.5844988344988346 0.028662420382165606 0.05011655011655012 0.044585987261146494
1 0.07867132867132867 0.2356687898089172 0.05944055944055944 0.1305732484076433
1 0.7546620046620046 0.8359872611464968 0.03146853146853147 0.08280254777070063
