1 0.46153846153846156 0.07006369426751592 0.03496503496503497 0.09554140127388536
0 0.2465034965034965 0.5931528662420382 0.05710955710955711 0.12261146496815287
2 0.9224941724941725 0.7030254777070064 0.05944055944055944 0.03980891719745223
1 0.25932400932400934 0.875 0.03146853146853147 0.08121019108280254
0 0.1993006993006993 0.5955414012738853 0.03263403263403263 0.07006369426751592
1 0.662004662004662 0.16878980891719744 0.027972027972027972 0.08598726114649681
1 0.19755244755244755 0.20939490445859874 0.05944055944055944 0.1321656050955414
2 0.25582750582750585 0.46656050955414013 0.06177156177156177 0.050955414012738856
2 0.34615384615384615 0.8296178343949044 0.055944055944055944 0.03821656050955414
1 0.5518648018648019 0.3017515923566879 0.017482517482517484 0.05573248407643312
