2 0.916083916083916 0.2898089171974522 0.05128205128205128 0.03184713375796178
1 0.8717948717948718 0.18869426751592358 0.08624708624708624 0.06210191082802548
1 0.8409090909090909 0.267515923566879 0.06643356643356643 0.041401273885350316
2 0.7127039627039627 0.26512738853503187 0.05944055944055944 0.04617834394904458
2 0.16433566433566432 0.6218152866242038 0.08158508158508158 0.04617834394904458
1 0.5506993006993007 0.8001592356687898 0.03146853146853147 0.06210191082802548
0 0.13286713286713286 0.32404458598726116 0.07925407925407925 0.06210191082802548
1 0.754079254079254 0.8105095541401274 0.030303030303030304 0.06369426751592357
0 0.28146853146853146 0.2412420382165605 0.05244755244755245 0.03980891719745223
0 0.022144522144522144 0.8853503184713376 0.03263403263403263 0.06687898089171974
