0 0.46503496503496505 0.8837579617834395 0.03496503496503497 0.0732484076433121
1 0.21794871794871795 0.2778662420382166 0.04195804195804196 0.12579617834394904
1 0.45454545454545453 0.4538216560509554 0.04428904428904429 0.11464968152866242
0 0.36421911421911424 0.17436305732484075 0.08275058275058275 0.07484076433121019
1 0.44755244755244755 0.15127388535031847 0.07226107226107226 0.17834394904458598
2 0.9393939393939394 0.7133757961783439 0.06060606060606061 0.041401273885350316
1 0.9562937062937062 0.7794585987261147 0.015151515151515152 0.03343949044585987
2 0.03904428904428905 0.1735668789808917 0.029137529137529136 0.08280254777070063
0 0.06118881118881119 0.8288216560509554 0.047785547785547784 0.06210191082802548
1 0.7616550116550117 0.5302547770700637 0.03146853146853147 0.09235668789808917
