1 0.5116550116550117 0.5700636942675159 0.016317016317016316 0.050955414012738856
2 0.18473193473193472 0.8511146496815286 0.029137529137529136 0.08439490445859872
0 0.5431235431235432 0.26831210191082805 0.06060606060606061 0.04617834394904458
1 0.2837995337995338 0.7826433121019108 0.029137529137529136 0.07165605095541401
0 0.8088578088578089 0.39171974522292996 0.11888111888111888 0.10828025477707007
1 0.7045454545454546 0.29378980891719747 0.08741258741258741 0.07484076433121019
1 0.6276223776223776 0.8845541401273885 0.045454545454545456 0.1321656050955414
2 0.17832167832167833 0.9490445859872612 0.06060606060606061 0.054140127388535034
1 0.6101398601398601 0.4140127388535032 0.06177156177156177 0.03821656050955414
1 0.36538461538461536 0.2340764331210191 0.05011655011655012 0.03821656050955414
