1 0.8490675990675991 0.8081210191082803 0.05944055944055944 0.1321656050955414
2 0.18181818181818182 0.4164012738853503 0.10955710955710955 0.07484076433121019
2 0.25990675990675993 0.7404458598726115 0.08158508158508158 0.054140127388535034
1 0.6019813519813519 0.7802547770700637 0.05944055944055944 0.1305732484076433
1 0.12179487179487179 0.9052547770700637 0.05944055944055944 0.1321656050955414
2 0.5611888111888111 0.3487261146496815 0.038461538461538464 0.08598726114649681
1 0.35955710955710957 0.6751592356687898 0.05011655011655012 0.1305732484076433
2 0.6083916083916084 0.39012738853503187 0.037296037296037296 0.09554140127388536
0 0.4865967365967366 0.20302547770700638 0.038461538461538464 0.08439490445859872
2 0.07634032634032634 0.8511146496815286 0.019813519813519812 0.05573248407643312
