0 0.6864801864801865 0.7436305732484076 0.03496503496503497 0.0732484076433121
2 0.07167832167832168 0.7794585987261147 0.038461538461538464 0.08439490445859872
1 0.1282051282051282 0.5621019108280255 0.08158508158508158 0.06050955414012739
1 0.32867132867132864 0.20461783439490447 0.03263403263403263 0.09076433121019108
1 0.8980186480186481 0.429140127388535 0.0337995337995338 0.020700636942675158
0 0.06993006993006994 0.45302547770700635 0.04895104895104895 0.04617834394904458
2 0.3041958041958042 0.464171974522293 0.02564102564102564 0.06847133757961783
1 0.2331002331002331 0.6934713375796179 0.04428904428904429 0.1321656050955414
2 0.17074592074592074 0.5015923566878981 0.054778554778554776 0.03821656050955414
0 0.19463869463869463 0.17595541401273884 0.08391608391608392 0.07802547770700637
