0 0.8082750582750583 0.13614649681528662 0.054778554778554776 0.11305732484076433
1 0.7966200466200466 0.32961783439490444 0.06876456876456877 0.06369426751592357
1 0.08041958041958042 0.41321656050955413 0.09557109557109557 0.06210191082802548
1 0.6596736596736597 0.14171974522292993 0.030303030303030304 0.06369426751592357
0 0.46911421911421913 0.1321656050955414 0.0641025641025641 0.06050955414012739
1 0.398018648018648 0.8471337579617835 0.05944055944055944 0.041401273885350316
2 0.5798368298368298 0.10987261146496816 0.06876456876456877 0.044585987261146494
2 0.15675990675990675 0.5214968152866242 0.0337995337995338 0.07802547770700637
2 0.5623543123543123 0.22531847133757962 0.08741258741258741 0.05573248407643312
1 0.3618881118881119 0.7539808917197452 0.017482517482517484 0.05573248407643312
