0 0.9248251748251748 0.21098726114649682 0.09906759906759907 0.07802547770700637
2 0.9224941724941725 0.39171974522292996 0.038461538461538464 0.08280254777070063
0 0.8135198135198135 0.8152866242038217 0.055944055944055944 0.08917197452229299
1 0.668997668997669 0.34554140127388533 0.09090909090909091 0.05732484076433121
2 0.2942890442890443 0.25238853503184716 0.06177156177156177 0.052547770700636945
0 0.06701631701631702 0.767515923566879 0.03146853146853147 0.07006369426751592
1 0.2878787878787879 0.3614649681528662 0.053613053613053616 0.044585987261146494
1 0.7575757575757576 0.38057324840764334 0.08624708624708624 0.06369426751592357
0 0.2529137529137529 0.7595541401273885 0.055944055944055944 0.054140127388535034
2 0.6509324009324009 0.8877388535031847 0.029137529137529136 0.07802547770700637
