1 0.2762237762237762 0.8431528662420382 0.08624708624708624 0.19585987261146498
0 0.48951048951048953 0.5015923566878981 0.055944055944055944 0.050955414012738856
0 0.35955710955710957 0.24761146496815287 0.038461538461538464 0.08439490445859872
1 0.7185314685314685 0.4721337579617834 0.09673659673659674 0.08121019108280254
1 0.8869463869463869 0.30254777070063693 0.018648018648018648 0.050955414012738856
1 0.5856643356643356 0.4625796178343949 0.05710955710955711 0.0589171974522293
2 0.13752913752913754 0.5835987261146497 0.027972027972027972 0.06847133757961783
0 0.3106060606060606 0.5302547770700637 0.03613053613053613 0.0732484076433121
1 0.16258741258741258 0.6950636942675159 0.12937062937062938 0.09076433121019108
2 0.8828671328671329 0.677547770700637 0.05011655011655012 0.03343949044585987
