1 0.418997668997669 0.5326433121019108 0.05944055944055944 0.1321656050955414
2 0.05652680652680653 0.7165605095541401 0.038461538461538464 0.08280254777070063
2 0.19755244755244755 0.02388535031847134 0.05011655011655012 0.03184713375796178
2 0.872960372960373 0.18869426751592358 0.10023310023310024 0.06847133757961783
2 0.7208624708624709 0.8280254777070064 0.026806526806526808 0.07006369426751592
1 0.045454545454545456 0.4164012738853503 0.0675990675990676 0.04936305732484077
1 0.6008158508158508 0.7969745222929936 0.026806526806526808 0.06528662420382166
1 0.7762237762237763 0.3144904458598726 0.08158508158508158 0.06210191082802548
1 0.3350815850815851 0.26990445859872614 0.08275058275058275 0.07484076433121019
1 0.398018648018648 0.8296178343949044 0.038461538461538464 0.03184713375796178
