2 0.3560606060606061 0.5398089171974523 0.05710955710955711 0.03821656050955414
1 0.2092074592074592 0.6170382165605095 0.054778554778554776 0.11305732484076433
1 0.7249417249417249 0.9562101910828026 0.03496503496503497 0.027070063694267517
1 0.9487179487179487 0.46576433121019106 0.09557109557109557 0.08121019108280254
1 0.4160839160839161 0.28343949044585987 0.039627039627039624 0.025477707006369428
1 0.30361305361305363 0.9450636942675159 0.038461538461538464 0.02388535031847134
0 0.715034965034965 0.39888535031847133 0.03146853146853147 0.07484076433121019
1 0.3152680652680653 0.29856687898089174 0.03613053613053613 0.02388535031847134
1 0.8828671328671329 0.9219745222929936 0.1386946386946387 0.09554140127388536
0 0.6107226107226107 0.32404458598726116 0.07226107226107226 0.1321656050955414
