1 0.5396270396270396 0.041401273885350316 0.03263403263403263 0.06687898089171974
2 0.6765734265734266 0.29378980891719747 0.0337995337995338 0.07165605095541401
1 0.40675990675990675 0.37738853503184716 0.0675990675990676 0.06050955414012739
1 0.1963869463869464 0.3320063694267516 0.017482517482517484 0.05573248407643312
0 0.8094405594405595 0.48009554140127386 0.08508158508158509 0.0875796178343949
0 0.2896270396270396 0.5270700636942676 0.038461538461538464 0.08598726114649681
1 0.5705128205128205 0.7890127388535032 0.05944055944055944 0.1321656050955414
0 0.20745920745920746 0.8065286624203821 0.10955710955710955 0.08439490445859872
1 0.6008158508158508 0.928343949044586 0.024475524475524476 0.0732484076433121
1 0.042540792540792544 0.552547770700637 0.03146853146853147 0.09235668789808917
