0 0.7132867132867133 0.6886942675159236 0.037296037296037296 0.06847133757961783
2 0.6940559440559441 0.39331210191082805 0.029137529137529136 0.0732484076433121
1 0.9790209790209791 0.12340764331210191 0.039627039627039624 0.02388535031847134
1 0.4353146853146853 0.17038216560509553 0.05710955710955711 0.03503184713375796
2 0.042540792540792544 0.32245222929936307 0.026806526806526808 0.08439490445859872
1 0.11130536130536131 0.41321656050955413 0.09207459207459208 0.07165605095541401
0 0.9114219114219114 0.6297770700636943 0.04428904428904429 0.08121019108280254
1 0.3758741258741259 0.4299363057324841 0.0641025641025641 0.04777070063694268
1 0.8782051282051282 0.03980891719745223 0.0337995337995338 0.0732484076433121
1 0.4825174825174825 0.7929936305732485 0.08158508158508158 0.06050955414012739
