0 0.5944055944055944 0.7866242038216561 0.04428904428904429 0.11464968152866242
2 0.22202797202797203 0.375 0.045454545454545456 0.042993630573248405
0 0.9312354312354313 0.06847133757961783 0.037296037296037296 0.08598726114649681
1 0.6346153846153846 0.19347133757961785 0.09207459207459208 0.07802547770700637
1 0.8694638694638694 0.15843949044585987 0.08158508158508158 0.06210191082802548
0 0.14976689976689977 0.7635350318471338 0.09673659673659674 0.07802547770700637
1 0.41025641025641024 0.5238853503184714 0.04428904428904429 0.12738853503184713
0 0.532051282051282 0.0804140127388535 0.03146853146853147 0.07165605095541401
1 0.20221445221445222 0.16162420382165604 0.0641025641025641 0.04936305732484077
1 0.5221445221445221 0.7722929936305732 0.027972027972027972 0.08598726114649681
