1 0.3210955710955711 0.7356687898089171 0.045454545454545456 0.028662420382165606
0 0.7966200466200466 0.6656050955414012 0.1386946386946387 0.1178343949044586
1 0.5973193473193473 0.4036624203821656 0.09207459207459208 0.06528662420382166
1 0.11305361305361306 0.7890127388535032 0.037296037296037296 0.08121019108280254
2 0.7534965034965035 0.927547770700637 0.022144522144522144 0.06528662420382166
1 0.30361305361305363 0.8765923566878981 0.05944055944055944 0.1321656050955414
2 0.7266899766899767 0.39410828025477707 0.0337995337995338 0.07802547770700637
1 0.5495337995337995 0.8527070063694268 0.06643356643356643 0.1735668789808917
2 0.6724941724941725 0.15764331210191082 0.07692307692307693 0.050955414012738856
2 0.8292540792540792 0.5119426751592356 0.06177156177156177 0.052547770700636945
