2 0.7348484848484849 0.5772292993630573 0.03146853146853147 0.06210191082802548
1 0.6858974358974359 0.3869426751592357 0.05944055944055944 0.041401273885350316
1 0.884032634032634 0.3057324840764331 0.017482517482517484 0.050955414012738856
1 0.06643356643356643 0.14570063694267515 0.08158508158508158 0.0589171974522293
2 0.18764568764568765 0.9609872611464968 0.02097902097902098 0.06528662420382166
2 0.20046620046620048 0.6735668789808917 0.05128205128205128 0.03184713375796178
1 0.08275058275058275 0.3479299363057325 0.055944055944055944 0.1035031847133758
0 0.7610722610722611 0.2921974522292994 0.030303030303030304 0.06210191082802548
1 0.8106060606060606 0.9124203821656051 0.06643356643356643 0.044585987261146494
1 0.3735431235431235 0.8972929936305732 0.13636363636363635 0.0875796178343949
