1 0.18706293706293706 0.08200636942675159 0.13403263403263405 0.0875796178343949
2 0.07983682983682984 0.9299363057324841 0.029137529137529136 0.08917197452229299
1 0.5483682983682984 0.7237261146496815 0.05944055944055944 0.1321656050955414
1 0.19696969696969696 0.8511146496815286 0.09557109557109557 0.08121019108280254
1 0.3479020979020979 0.5310509554140127 0.054778554778554776 0.11305732484076433
1 0.28263403263403264 0.050955414012738856 0.04312354312354312 0.08598726114649681
1 0.49009324009324007 0.09872611464968153 0.04312354312354312 0.1178343949044586
1 0.34557109557109555 0.028662420382165606 0.05710955710955711 0.050955414012738856
0 0.8234265734265734 0.03662420382165605 0.06876456876456877 0.04777070063694268
2 0.5180652680652681 0.5159235668789809 0.06177156177156177 0.050955414012738856
