2 0.1853146853146853 0.3646496815286624 0.07692307692307693 0.1337579617834395
2 0.15675990675990675 0.7133757961783439 0.06876456876456877 0.04777070063694268
1 0.2692307692307692 0.39490445859872614 0.039627039627039624 0.025477707006369428
1 0.3106060606060606 0.7874203821656051 0.05944055944055944 0.1321656050955414
1 0.3280885780885781 0.464171974522293 0.05944055944055944 0.1321656050955414
1 0.6101398601398601 0.07563694267515923 0.09906759906759907 0.07802547770700637
2 0.921911421911422 0.5047770700636943 0.023310023310023312 0.07006369426751592
2 0.7651515151515151 0.4498407643312102 0.06177156177156177 0.052547770700636945
2 0.1182983682983683 0.4625796178343949 0.06177156177156177 0.052547770700636945
1 0.9568764568764568 0.8901273885350318 0.030303030303030304 0.08598726114649681
