1 0.6043123543123543 0.24920382165605096 0.05944055944055944 0.1321656050955414
0 0.20279720279720279 0.07245222929936306 0.06060606060606061 0.04936305732484077
1 0.5268065268065268 0.5843949044585988 0.04895104895104895 0.10191082802547771
2 0.12121212121212122 0.3328025477707006 0.06060606060606061 0.1178343949044586
0 0.865967365967366 0.49044585987261147 0.03496503496503497 0.0732484076433121
1 0.4143356643356643 0.10111464968152867 0.054778554778554776 0.11305732484076433
1 0.7022144522144522 0.8113057324840764 0.0944055944055944 0.0589171974522293
1 0.5308857808857809 0.9307324840764332 0.054778554778554776 0.11942675159235669
2 0.037296037296037296 0.75 0.06060606060606061 0.1178343949044586
1 0.29545454545454547 0.12977707006369427 0.05944055944055944 0.1321656050955414
