1 0.28088578088578087 0.3630573248407643 0.016317016317016316 0.050955414012738856
2 0.21386946386946387 0.37898089171974525 0.0337995337995338 0.07961783439490445
0 0.12354312354312354 0.3734076433121019 0.027972027972027972 0.0589171974522293
1 0.9143356643356644 0.5812101910828026 0.05944055944055944 0.1305732484076433
2 0.5990675990675991 0.9171974522292994 0.06060606060606061 0.1178343949044586
1 0.377039627039627 0.5867834394904459 0.026806526806526808 0.08439490445859872
1 0.6264568764568764 0.7587579617834395 0.038461538461538464 0.02388535031847134
1 0.754079254079254 0.9132165605095541 0.06060606060606061 0.04936305732484077
0 0.8956876456876457 0.4052547770700637 0.038461538461538464 0.08439490445859872
1 0.4574592074592075 0.7197452229299363 0.022144522144522144 0.07006369426751592
