1 0.2913752913752914 0.4426751592356688 0.030303030303030304 0.08280254777070063
0 0.8047785547785548 0.7054140127388535 0.03613053613053613 0.08598726114649681
1 0.6130536130536131 0.5517515923566879 0.05827505827505827 0.04617834394904458
1 0.4376456876456876 0.9203821656050956 0.0944055944055944 0.05732484076433121
1 0.27214452214452217 0.7890127388535032 0.03146853146853147 0.042993630573248405
2 0.36305361305361306 0.25238853503184716 0.05710955710955711 0.042993630573248405
1 0.12296037296037296 0.767515923566879 0.03146853146853147 0.09235668789808917
1 0.1456876456876457 0.964171974522293 0.08158508158508158 0.06210191082802548
0 0.21037296037296038 0.23885350318471338 0.03613053613053613 0.08598726114649681
1 0.9411421911421911 0.679140127388535 0.04312354312354312 0.12579617834394904
