1 0.6923076923076923 0.4124203821656051 0.08158508158508158 0.06050955414012739
0 0.8951048951048951 0.8646496815286624 0.039627039627039624 0.08280254777070063
0 0.5402097902097902 0.1751592356687898 0.029137529137529136 0.06369426751592357
1 0.4597902097902098 0.1926751592356688 0.045454545454545456 0.1305732484076433
1 0.21328671328671328 0.643312101910828 0.08857808857808858 0.07006369426751592
0 0.6235431235431236 0.3535031847133758 0.053613053613053616 0.04777070063694268
1 0.831002331002331 0.839968152866242 0.039627039627039624 0.02388535031847134
1 0.19055944055944055 0.5748407643312102 0.0944055944055944 0.06050955414012739
1 0.7074592074592074 0.304140127388535 0.09557109557109557 0.09554140127388536
1 0.29836829836829837 0.7460191082802548 0.04428904428904429 0.11942675159235669
