1 0.2715617715617716 0.24203821656050956 0.08158508158508158 0.06050955414012739
2 0.2517482517482518 0.9585987261146497 0.03263403263403263 0.08280254777070063
1 0.34498834498834496 0.12898089171974522 0.08624708624708624 0.054140127388535034
2 0.715034965034965 0.29538216560509556 0.12937062937062938 0.09394904458598727
2 0.4597902097902098 0.45461783439490444 0.03146853146853147 0.0875796178343949
1 0.710955710955711 0.6926751592356688 0.039627039627039624 0.022292993630573247
1 0.9009324009324009 0.9132165605095541 0.06993006993006994 0.04617834394904458
0 0.6043123543123543 0.9267515923566879 0.09673659673659674 0.09554140127388536
2 0.4324009324009324 0.13694267515923567 0.06060606060606061 0.041401273885350316
1 0.32342657342657344 0.5804140127388535 0.04079254079254079 0.02388535031847134
