1 0.5629370629370629 0.8320063694267515 0.06293706293706294 0.03662420382165605
1 0.7278554778554779 0.7571656050955414 0.09906759906759907 0.1035031847133758
2 0.7604895104895105 0.34156050955414013 0.038461538461538464 0.08439490445859872
1 0.3385780885780886 0.607484076433121 0.05944055944055944 0.1321656050955414
2 0.9044289044289044 0.2372611464968153 0.037296037296037296 0.09872611464968153
2 0.21678321678321677 0.7969745222929936 0.030303030303030304 0.07165605095541401
1 0.5641025641025641 0.6855095541401274 0.05827505827505827 0.052547770700636945
2 0.5885780885780886 0.20621019108280256 0.027972027972027972 0.07484076433121019
0 0.2523310023310023 0.41162420382165604 0.05944055944055944 0.07484076433121019
1 0.46794871794871795 0.34076433121019106 0.045454545454545456 0.1305732484076433
