1 0.872960372960373 0.10589171974522293 0.030303030303030304 0.09076433121019108
1 0.2505827505827506 0.6616242038216561 0.08158508158508158 0.06210191082802548
1 0.8245920745920746 0.19506369426751594 0.08275058275058275 0.07484076433121019
1 0.5903263403263403 0.042993630573248405 0.0944055944055944 0.06050955414012739
1 0.7255244755244755 0.6281847133757962 0.06643356643356643 0.06847133757961783
0 0.46445221445221446 0.8351910828025477 0.03146853146853147 0.08121019108280254
0 0.38927738927738925 0.6847133757961783 0.04895104895104895 0.10509554140127389
0 0.828088578088578 0.8813694267515924 0.038461538461538464 0.08439490445859872
1 0.25582750582750585 0.2643312101910828 0.09207459207459208 0.05732484076433121
1 0.6520979020979021 0.7428343949044586 0.017482517482517484 0.052547770700636945
