2 0.5524475524475524 0.06767515923566879 0.02097902097902098 0.06528662420382166
1 0.4382284382284382 0.8614649681528662 0.06060606060606061 0.06050955414012739
1 0.763986013986014 0.2444267515923567 0.05944055944055944 0.1321656050955414
1 0.5437062937062938 0.4410828025477707 0.045454545454545456 0.1305732484076433
2 0.8222610722610723 0.5684713375796179 0.017482517482517484 0.044585987261146494
1 0.6392773892773893 0.357484076433121 0.017482517482517484 0.052547770700636945
1 0.2972027972027972 0.0804140127388535 0.13986013986013987 0.09394904458598727
1 0.9388111888111889 0.6998407643312102 0.05944055944055944 0.03662420382165605
1 0.3181818181818182 0.8901273885350318 0.030303030303030304 0.06050955414012739
0 0.708041958041958 0.7635350318471338 0.05710955710955711 0.12261146496815287
