0 0.5594405594405595 0.5222929936305732 0.03263403263403263 0.06687898089171974
2 0.4621212121212121 0.5007961783439491 0.038461538461538464 0.08439490445859872
2 0.2692307692307692 0.9243630573248408 0.06060606060606061 0.03662420382165605
0 0.6701631701631702 0.572452229299363 0.05827505827505827 0.04617834394904458
0 0.36072261072261075 0.8144904458598726 0.03146853146853147 0.06210191082802548
1 0.865967365967366 0.6178343949044586 0.03496503496503497 0.054140127388535034
1 0.9428904428904429 0.3184713375796178 0.046620046620046623 0.08280254777070063
0 0.4766899766899767 0.8606687898089171 0.030303030303030304 0.06210191082802548
1 0.04428904428904429 0.4211783439490446 0.08158508158508158 0.06210191082802548
1 0.5687645687645687 0.10509554140127389 0.06526806526806526 0.1305732484076433
