2 0.7954545454545454 0.48328025477707004 0.05944055944055944 0.052547770700636945
1 0.27855477855477856 0.7022292993630573 0.016317016317016316 0.050955414012738856
2 0.6101398601398601 0.24601910828025478 0.05011655011655012 0.03343949044585987
1 0.32867132867132864 0.9251592356687898 0.04195804195804196 0.11146496815286625
1 0.763986013986014 0.6409235668789809 0.054778554778554776 0.11305732484076433
1 0.9201631701631702 0.4681528662420382 0.1386946386946387 0.08917197452229299
0 0.8304195804195804 0.3479299363057325 0.0337995337995338 0.07165605095541401
1 0.23601398601398602 0.2914012738853503 0.05944055944055944 0.1305732484076433
0 0.06818181818181818 0.12977707006369427 0.03613053613053613 0.06528662420382166
0 0.6031468531468531 0.7356687898089171 0.045454545454545456 0.10828025477707007
