1 0.8327505827505828 0.23646496815286625 0.03613053613053613 0.02388535031847134
2 0.25815850815850816 0.09156050955414012 0.022144522144522144 0.06528662420382166
0 0.23717948717948717 0.39570063694267515 0.09906759906759907 0.09076433121019108
1 0.14277389277389277 0.5812101910828026 0.022144522144522144 0.07006369426751592
0 0.7389277389277389 0.3614649681528662 0.06993006993006994 0.07006369426751592
1 0.6596736596736597 0.09872611464968153 0.055944055944055944 0.054140127388535034
1 0.7045454545454546 0.6576433121019108 0.05944055944055944 0.1305732484076433
2 0.08916083916083917 0.7101910828025477 0.03146853146853147 0.06369426751592357
1 0.7966200466200466 0.09394904458598727 0.14801864801864803 0.09554140127388536
2 0.10547785547785547 0.5246815286624203 0.0337995337995338 0.07802547770700637
