0 0.5273892773892774 0.4394904458598726 0.14102564102564102 0.1337579617834395
2 0.3583916083916084 0.18312101910828024 0.038461538461538464 0.08280254777070063
0 0.2127039627039627 0.32245222929936307 0.029137529137529136 0.06210191082802548
2 0.18181818181818182 0.8654458598726115 0.027972027972027972 0.06847133757961783
2 0.7948717948717948 0.5151273885350318 0.030303030303030304 0.07165605095541401
1 0.34265734265734266 0.4434713375796178 0.09324009324009325 0.0875796178343949
1 0.36305361305361306 0.6218152866242038 0.019813519813519812 0.05573248407643312
1 0.4597902097902098 0.6441082802547771 0.05944055944055944 0.1321656050955414
2 0.19114219114219114 0.6472929936305732 0.027972027972027972 0.06847133757961783
2 0.6596736596736597 0.03662420382165605 0.053613053613053616 0.03821656050955414
