2 0.09615384615384616 0.5087579617834395 0.06177156177156177 0.052547770700636945
2 0.9405594405594405 0.1624203821656051 0.07925407925407925 0.054140127388535034
0 0.23601398601398602 0.7165605095541401 0.05244755244755245 0.041401273885350316
0 0.9382284382284383 0.8296178343949044 0.03496503496503497 0.07006369426751592
2 0.8432400932400932 0.3893312101910828 0.038461538461538464 0.08439490445859872
0 0.3974358974358974 0.946656050955414 0.04428904428904429 0.08121019108280254
0 0.9557109557109557 0.45063694267515925 0.053613053613053616 0.04777070063694268
0 0.24708624708624707 0.23248407643312102 0.09324009324009325 0.06687898089171974
1 0.10780885780885781 0.5947452229299363 0.09207459207459208 0.06528662420382166
0 0.4364801864801865 0.6281847133757962 0.03146853146853147 0.06210191082802548
