1 0.5903263403263403 0.7635350318471338 0.04079254079254079 0.12261146496815287
0 0.8648018648018648 0.14888535031847133 0.0675990675990676 0.06210191082802548
0 0.2931235431235431 0.45143312101910826 0.054778554778554776 0.11305732484076433
2 0.7249417249417249 0.47770700636942676 0.046620046620046623 0.03184713375796178
2 0.05244755244755245 0.714171974522293 0.04895104895104895 0.10668789808917198
1 0.9522144522144522 0.5788216560509554 0.09557109557109557 0.08121019108280254
2 0.053613053613053616 0.5453821656050956 0.08158508158508158 0.052547770700636945
1 0.23426573426573427 0.8447452229299363 0.08158508158508158 0.06210191082802548
1 0.6491841491841492 0.1464968152866242 0.03263403263403263 0.08917197452229299
1 0.6998834498834499 0.8654458598726115 0.045454545454545456 0.1321656050955414
