1 0.10431235431235432 0.6616242038216561 0.06876456876456877 0.0589171974522293
1 0.6048951048951049 0.06449044585987261 0.027972027972027972 0.06210191082802548
2 0.28321678321678323 0.10668789808917198 0.04895104895104895 0.03503184713375796
1 0.7365967365967366 0.3471337579617834 0.06993006993006994 0.07006369426751592
2 0.8269230769230769 0.2643312101910828 0.029137529137529136 0.0732484076433121
1 0.5681818181818182 0.7969745222929936 0.06177156177156177 0.11305732484076433
2 0.057692307692307696 0.12977707006369427 0.038461538461538464 0.08121019108280254
1 0.3333333333333333 0.6472929936305732 0.04195804195804196 0.12579617834394904
2 0.4632867132867133 0.5955414012738853 0.05244755244755245 0.041401273885350316
2 0.5699300699300699 0.22531847133757962 0.030303030303030304 0.07484076433121019
