2 0.8805361305361306 0.7874203821656051 0.06876456876456877 0.042993630573248405
0 0.27564102564102566 0.6807324840764332 0.03613053613053613 0.07484076433121019
2 0.3554778554778555 0.589171974522293 0.05128205128205128 0.03503184713375796
1 0.5372960372960373 0.12977707006369427 0.046620046620046623 0.10987261146496816
1 0.36713286713286714 0.5023885350318471 0.07692307692307693 0.06210191082802548
1 0.1520979020979021 0.5390127388535032 0.13636363636363635 0.09394904458598727
1 0.5693473193473193 0.3535031847133758 0.0944055944055944 0.06050955414012739
1 0.7022144522144522 0.10828025477707007 0.047785547785547784 0.1337579617834395
1 0.5227272727272727 0.85828025477707 0.06876456876456877 0.044585987261146494
1 0.15268065268065267 0.7929936305732485 0.016317016317016316 0.050955414012738856
