1 0.7237762237762237 0.7866242038216561 0.039627039627039624 0.022292993630573247
2 0.1486013986013986 0.14729299363057324 0.038461538461538464 0.08439490445859872
1 0.07867132867132867 0.45621019108280253 0.047785547785547784 0.09713375796178345
1 0.32634032634032634 0.3495222929936306 0.030303030303030304 0.08439490445859872
0 0.07459207459207459 0.5565286624203821 0.0675990675990676 0.05573248407643312
1 0.6346153846153846 0.8431528662420382 0.05944055944055944 0.1321656050955414
1 0.574009324009324 0.08678343949044585 0.08741258741258741 0.0875796178343949
1 0.7336829836829837 0.13694267515923567 0.12937062937062938 0.09235668789808917
0 0.4090909090909091 0.375 0.027972027972027972 0.04936305732484077
1 0.48426573426573427 0.7730891719745223 0.05944055944055944 0.1321656050955414
