1 0.49475524475524474 0.6393312101910829 0.054778554778554776 0.11305732484076433
2 0.2266899766899767 0.5883757961783439 0.0337995337995338 0.07802547770700637
0 0.1048951048951049 0.947452229299363 0.0979020979020979 0.09235668789808917
1 0.30361305361305363 0.7579617834394905 0.05011655011655012 0.03821656050955414
1 0.8694638694638694 0.8638535031847133 0.046620046620046623 0.0875796178343949
0 0.7418414918414918 0.5485668789808917 0.045454545454545456 0.10668789808917198
1 0.6864801864801865 0.6759554140127388 0.08158508158508158 0.06210191082802548
0 0.7272727272727273 0.9410828025477707 0.02564102564102564 0.050955414012738856
0 0.17074592074592074 0.8702229299363057 0.03613053613053613 0.02388535031847134
0 0.8269230769230769 0.23885350318471338 0.06177156177156177 0.050955414012738856
