0 0.3927738927738928 0.041401273885350316 0.053613053613053616 0.04777070063694268
1 0.877039627039627 0.48328025477707004 0.09673659673659674 0.0589171974522293
2 0.6800699300699301 0.22611464968152867 0.029137529137529136 0.09554140127388536
0 0.30652680652680653 0.1664012738853503 0.030303030303030304 0.042993630573248405
0 0.33916083916083917 0.24363057324840764 0.037296037296037296 0.08598726114649681
0 0.7581585081585082 0.35111464968152867 0.03613053613053613 0.07484076433121019
1 0.8601398601398601 0.8288216560509554 0.04195804195804196 0.02388535031847134
1 0.38344988344988346 0.6942675159235668 0.08857808857808858 0.07006369426751592
2 0.5501165501165501 0.6496815286624203 0.039627039627039624 0.08280254777070063
1 0.8490675990675991 0.5788216560509554 0.029137529137529136 0.0875796178343949
