1 0.2331002331002331 0.49203821656050956 0.055944055944055944 0.07006369426751592
2 0.04428904428904429 0.35589171974522293 0.027972027972027972 0.06847133757961783
0 0.7418414918414918 0.11464968152866242 0.05011655011655012 0.03821656050955414
2 0.9737762237762237 0.4721337579617834 0.045454545454545456 0.042993630573248405
0 0.7033799533799534 0.8272292993630573 0.026806526806526808 0.06528662420382166
1 0.16258741258741258 0.3184713375796178 0.045454545454545456 0.10828025477707007
2 0.6398601398601399 0.6703821656050956 0.055944055944055944 0.03821656050955414
1 0.7336829836829837 0.39012738853503187 0.024475524475524476 0.054140127388535034
1 0.38986013986013984 0.6839171974522293 0.13403263403263405 0.0875796178343949
2 0.40734265734265734 0.5509554140127388 0.038461538461538464 0.08598726114649681
