1 0.9411421911421911 0.5294585987261147 0.09207459207459208 0.06528662420382166
2 0.020396270396270396 0.785828025477707 0.038461538461538464 0.08439490445859872
2 0.6532634032634033 0.6154458598726115 0.05944055944055944 0.052547770700636945
0 0.06468531468531469 0.34235668789808915 0.09906759906759907 0.08917197452229299
2 0.16258741258741258 0.73328025477707 0.06177156177156177 0.052547770700636945
1 0.22435897435897437 0.4785031847133758 0.06643356643356643 0.17993630573248406
2 0.9825174825174825 0.9609872611464968 0.030303030303030304 0.07165605095541401
0 0.5466200466200466 0.7762738853503185 0.053613053613053616 0.04936305732484077
2 0.4557109557109557 0.6393312101910829 0.018648018648018648 0.0589171974522293
1 0.16433566433566432 0.2444267515923567 0.04195804195804196 0.03980891719745223
