1 0.3368298368298368 0.6194267515923567 0.05827505827505827 0.03821656050955414
1 0.2092074592074592 0.7356687898089171 0.09207459207459208 0.05732484076433121
1 0.6060606060606061 0.4498407643312102 0.04428904428904429 0.13535031847133758
1 0.48543123543123545 0.7468152866242038 0.08741258741258741 0.07006369426751592
0 0.0844988344988345 0.18471337579617833 0.0337995337995338 0.07643312101910828
1 0.6515151515151515 0.6457006369426752 0.09557109557109557 0.07802547770700637
1 0.1794871794871795 0.6154458598726115 0.08158508158508158 0.06210191082802548
0 0.9522144522144522 0.3909235668789809 0.03263403263403263 0.07802547770700637
1 0.10547785547785547 0.3192675159235669 0.05011655011655012 0.03662420382165605
2 0.581002331002331 0.2014331210191083 0.0337995337995338 0.07802547770700637
