1 0.8315850815850816 0.6512738853503185 0.05710955710955711 0.1178343949044586
2 0.12937062937062938 0.7515923566878981 0.05128205128205128 0.03184713375796178
1 0.7703962703962703 0.42277070063694266 0.039627039627039624 0.02388535031847134
1 0.2365967365967366 0.12181528662420382 0.07925407925407925 0.04936305732484077
1 0.5926573426573427 0.4769108280254777 0.08974358974358974 0.0589171974522293
1 0.6655011655011654 0.17197452229299362 0.039627039627039624 0.03821656050955414
1 0.6462703962703963 0.3351910828025478 0.05944055944055944 0.1321656050955414
1 0.6736596736596736 0.5692675159235668 0.09557109557109557 0.08121019108280254
1 0.18298368298368298 0.5039808917197452 0.030303030303030304 0.0875796178343949
0 0.6194638694638694 0.8885350318471338 0.09207459207459208 0.08917197452229299
