1 0.8432400932400932 0.35828025477707004 0.026806526806526808 0.050955414012738856
1 0.4358974358974359 0.12022292993630573 0.04195804195804196 0.12579617834394904
2 0.5926573426573427 0.7611464968152867 0.0337995337995338 0.09235668789808917
1 0.7424242424242424 0.8972929936305732 0.09557109557109557 0.08121019108280254
2 0.06351981351981352 0.11703821656050956 0.03146853146853147 0.08439490445859872
1 0.3968531468531469 0.37738853503184716 0.0944055944055944 0.05732484076433121
2 0.9516317016317016 0.357484076433121 0.054778554778554776 0.11305732484076433
1 0.2744755244755245 0.5644904458598726 0.08508158508158509 0.03980891719745223
1 0.2202797202797203 0.8152866242038217 0.07692307692307693 0.1337579617834395
1 0.8513986013986014 0.6847133757961783 0.05944055944055944 0.1305732484076433
