1 0.8548951048951049 0.7348726114649682 0.0641025641025641 0.0589171974522293
1 0.6258741258741258 0.0589171974522293 0.06060606060606061 0.03821656050955414
1 0.01282051282051282 0.32722929936305734 0.02564102564102564 0.08121019108280254
0 0.25990675990675993 0.8343949044585988 0.06993006993006994 0.06369426751592357
1 0.2762237762237762 0.3606687898089172 0.08391608391608392 0.07802547770700637
2 0.046620046620046623 0.7125796178343949 0.07925407925407925 0.052547770700636945
2 0.5378787878787878 0.28264331210191085 0.0337995337995338 0.07802547770700637
2 0.18006993006993008 0.40445859872611467 0.024475524475524476 0.06687898089171974
1 0.34265734265734266 0.5700636942675159 0.04428904428904429 0.12101910828025478
1 0.12937062937062938 0.17993630573248406 0.02564102564102564 0.06687898089171974
