1 0.20046620046620048 0.46735668789808915 0.055944055944055944 0.11942675159235669
0 0.14335664335664336 0.24601910828025478 0.037296037296037296 0.0875796178343949
1 0.8706293706293706 0.5820063694267515 0.04195804195804196 0.12579617834394904
0 0.6497668997668997 0.2619426751592357 0.0641025641025641 0.03980891719745223
1 0.9044289044289044 0.321656050955414 0.07692307692307693 0.06687898089171974
1 0.36305361305361306 0.09713375796178345 0.038461538461538464 0.11146496815286625
2 0.5681818181818182 0.2372611464968153 0.05944055944055944 0.044585987261146494
2 0.6701631701631702 0.6186305732484076 0.030303030303030304 0.07165605095541401
0 0.10139860139860139 0.5867834394904459 0.07226107226107226 0.14171974522292993
1 0.791958041958042 0.8957006369426752 0.05710955710955711 0.12261146496815287
