1 0.20221445221445222 0.6170382165605095 0.04079254079254079 0.12261146496815287
1 0.5763403263403264 0.5509554140127388 0.06876456876456877 0.054140127388535034
1 0.44696969696969696 0.5254777070063694 0.06876456876456877 0.1910828025477707
1 0.13927738927738928 0.5230891719745223 0.08275058275058275 0.07484076433121019
2 0.4125874125874126 0.6679936305732485 0.030303030303030304 0.07165605095541401
2 0.6637529137529138 0.25636942675159236 0.017482517482517484 0.054140127388535034
1 0.43356643356643354 0.10429936305732485 0.08624708624708624 0.07484076433121019
2 0.48834498834498835 0.8160828025477707 0.030303030303030304 0.0875796178343949
0 0.9172494172494172 0.4554140127388535 0.06993006993006994 0.1337579617834395
0 0.6474358974358975 0.17754777070063693 0.08275058275058275 0.07484076433121019
