0 0.9178321678321678 0.695859872611465 0.038461538461538464 0.03184713375796178
1 0.5757575757575758 0.7308917197452229 0.07692307692307693 0.06687898089171974
1 0.13403263403263405 0.2643312101910828 0.04428904428904429 0.11464968152866242
1 0.6870629370629371 0.5135350318471338 0.05944055944055944 0.1321656050955414
1 0.7331002331002331 0.7707006369426752 0.018648018648018648 0.022292993630573247
0 0.6037296037296037 0.8670382165605095 0.030303030303030304 0.042993630573248405
1 0.7435897435897436 0.946656050955414 0.08158508158508158 0.06210191082802548
1 0.7185314685314685 0.13296178343949044 0.05710955710955711 0.03343949044585987
1 0.7173659673659674 0.8152866242038217 0.0944055944055944 0.06050955414012739
2 0.22785547785547786 0.23328025477707007 0.0337995337995338 0.07802547770700637
