1 0.31643356643356646 0.6202229299363057 0.029137529137529136 0.09076433121019108
2 0.6509324009324009 0.49920382165605093 0.05244755244755245 0.03980891719745223
1 0.4831002331002331 0.3662420382165605 0.05944055944055944 0.1305732484076433
1 0.8135198135198135 0.785828025477707 0.037296037296037296 0.09713375796178345
2 0.263986013986014 0.9076433121019108 0.026806526806526808 0.07643312101910828
1 0.8071095571095571 0.5294585987261147 0.054778554778554776 0.11942675159235669
1 0.3956876456876457 0.09792993630573249 0.09207459207459208 0.06528662420382166
0 0.835081585081585 0.0732484076433121 0.026806526806526808 0.050955414012738856
0 0.32284382284382285 0.8407643312101911 0.07925407925407925 0.07006369426751592
1 0.9032634032634033 0.49601910828025475 0.09557109557109557 0.08121019108280254
