1 0.3793706293706294 0.4872611464968153 0.08974358974358974 0.054140127388535034
1 0.8141025641025641 0.16878980891719744 0.10839160839160839 0.11146496815286625
1 0.3548951048951049 0.39570063694267515 0.08275058275058275 0.07484076433121019
1 0.12004662004662005 0.7380573248407644 0.04195804195804196 0.12261146496815287
1 0.19405594405594406 0.5342356687898089 0.13403263403263405 0.0875796178343949
2 0.18298368298368298 0.09713375796178345 0.030303030303030304 0.08917197452229299
1 0.8024475524475524 0.535031847133758 0.07109557109557109 0.06687898089171974
2 0.06526806526806526 0.1536624203821656 0.02564102564102564 0.07165605095541401
2 0.34557109557109555 0.9434713375796179 0.12937062937062938 0.09394904458598727
1 0.7453379953379954 0.16480891719745222 0.017482517482517484 0.052547770700636945
