0 0.5128205128205128 0.7277070063694268 0.053613053613053616 0.04777070063694268
1 0.3613053613053613 0.3304140127388535 0.023310023310023312 0.04936305732484077
1 0.13694638694638694 0.1520700636942675 0.08275058275058275 0.07484076433121019
2 0.6637529137529138 0.07563694267515923 0.038461538461538464 0.08439490445859872
2 0.47086247086247085 0.08837579617834394 0.039627039627039624 0.07484076433121019
1 0.24883449883449885 0.2070063694267516 0.03613053613053613 0.0732484076433121
1 0.502913752913753 0.892515923566879 0.09207459207459208 0.06528662420382166
1 0.28846153846153844 0.8590764331210191 0.05011655011655012 0.03662420382165605
1 0.701048951048951 0.7388535031847133 0.0944055944055944 0.05732484076433121
0 0.4149184149184149 0.33678343949044587 0.030303030303030304 0.07165605095541401
