1 0.024475524475524476 0.14729299363057324 0.013986013986013986 0.02388535031847134
0 0.5110722610722611 0.5278662420382165 0.06177156177156177 0.052547770700636945
2 0.479020979020979 0.15047770700636942 0.09557109557109557 0.06210191082802548
1 0.03671328671328671 0.10191082802547771 0.038461538461538464 0.022292993630573247
1 0.5343822843822844 0.5915605095541401 0.08508158508158509 0.0589171974522293
1 0.9108391608391608 0.5023885350318471 0.09673659673659674 0.08121019108280254
1 0.17132867132867133 0.2054140127388535 0.053613053613053616 0.044585987261146494
1 0.8385780885780886 0.8351910828025477 0.08275058275058275 0.07484076433121019
1 0.4289044289044289 0.42277070063694266 0.08624708624708624 0.19585987261146498
2 0.6882284382284383 0.6401273885350318 0.045454545454545456 0.1305732484076433
