2 0.5984848484848485 0.11863057324840764 0.03146853146853147 0.10031847133757962
2 0.9335664335664335 0.1679936305732484 0.06060606060606061 0.03980891719745223
0 0.5559440559440559 0.7531847133757962 0.06993006993006994 0.07006369426751592
2 0.20745920745920746 0.5374203821656051 0.06060606060606061 0.052547770700636945
1 0.32051282051282054 0.606687898089172 0.04195804195804196 0.13694267515923567
1 0.6771561771561772 0.9410828025477707 0.03263403263403263 0.05732484076433121
1 0.058857808857808856 0.4864649681528662 0.03146853146853147 0.042993630573248405
2 0.05827505827505827 0.8320063694267515 0.030303030303030304 0.0875796178343949
1 0.594988344988345 0.46735668789808915 0.05944055944055944 0.1321656050955414
1 0.054778554778554776 0.23168789808917198 0.04428904428904429 0.12579617834394904
