1 0.5163170163170163 0.9562101910828026 0.08158508158508158 0.06210191082802548
1 0.2505827505827506 0.357484076433121 0.06993006993006994 0.042993630573248405
1 0.2703962703962704 0.7691082802547771 0.037296037296037296 0.022292993630573247
1 0.7156177156177156 0.34235668789808915 0.046620046620046623 0.1305732484076433
0 0.8047785547785548 0.8335987261146497 0.06643356643356643 0.0589171974522293
1 0.9557109557109557 0.8495222929936306 0.08158508158508158 0.06210191082802548
1 0.5874125874125874 0.49363057324840764 0.030303030303030304 0.07643312101910828
1 0.6369463869463869 0.23805732484076433 0.054778554778554776 0.11305732484076433
1 0.14219114219114218 0.3304140127388535 0.037296037296037296 0.020700636942675158
2 0.23543123543123542 0.4578025477707006 0.039627039627039624 0.10668789808917198
