2 0.06934731934731934 0.07961783439490445 0.026806526806526808 0.07643312101910828
2 0.27855477855477856 0.5867834394904459 0.037296037296037296 0.027070063694267517
2 0.6468531468531469 0.2285031847133758 0.10955710955710955 0.07802547770700637
2 0.30244755244755245 0.7762738853503185 0.038461538461538464 0.08439490445859872
1 0.5477855477855478 0.857484076433121 0.046620046620046623 0.12579617834394904
1 0.011072261072261072 0.39570063694267515 0.017482517482517484 0.04617834394904458
1 0.8519813519813519 0.4984076433121019 0.07925407925407925 0.07006369426751592
0 0.09557109557109557 0.13853503184713375 0.04895104895104895 0.041401273885350316
1 0.2634032634032634 0.41003184713375795 0.018648018648018648 0.05573248407643312
1 0.5367132867132867 0.33678343949044587 0.04312354312354312 0.11942675159235669
