1 0.8572261072261073 0.14729299363057324 0.09906759906759907 0.09394904458598727
1 0.04603729603729604 0.5230891719745223 0.05944055944055944 0.08121019108280254
1 0.2937062937062937 0.06449044585987261 0.06060606060606061 0.04936305732484077
0 0.8455710955710956 0.5374203821656051 0.06177156177156177 0.11305732484076433
0 0.6573426573426573 0.2444267515923567 0.053613053613053616 0.04936305732484077
1 0.15268065268065267 0.08200636942675159 0.018648018648018648 0.04936305732484077
0 0.9102564102564102 0.5987261146496815 0.053613053613053616 0.04777070063694268
2 0.9388111888111889 0.8200636942675159 0.06876456876456877 0.044585987261146494
1 0.4761072261072261 0.4434713375796178 0.03146853146853147 0.042993630573248405
1 0.7226107226107226 0.9785031847133758 0.04895104895104895 0.042993630573248405
