1 0.9702797202797203 0.8988853503184714 0.05944055944055944 0.1321656050955414
0 0.46678321678321677 0.7762738853503185 0.0944055944055944 0.18630573248407642
1 0.5979020979020979 0.15764331210191082 0.09324009324009325 0.06050955414012739
0 0.17482517482517482 0.22611464968152867 0.037296037296037296 0.03184713375796178
0 0.8648018648018648 0.6504777070063694 0.0675990675990676 0.052547770700636945
1 0.6608391608391608 0.8280254777070064 0.04895104895104895 0.04777070063694268
0 0.1998834498834499 0.7078025477707006 0.054778554778554776 0.11305732484076433
1 0.8706293706293706 0.3630573248407643 0.055944055944055944 0.07006369426751592
1 0.14918414918414918 0.5493630573248408 0.08158508158508158 0.06050955414012739
2 0.3374125874125874 0.8654458598726115 0.029137529137529136 0.07165605095541401
