2 0.019230769230769232 0.15764331210191082 0.015151515151515152 0.04777070063694268
2 0.36363636363636365 0.6313694267515924 0.06060606060606061 0.03980891719745223
1 0.502913752913753 0.2372611464968153 0.054778554778554776 0.12101910828025478
1 0.3315850815850816 0.028662420382165606 0.05710955710955711 0.03503184713375796
0 0.9621212121212122 0.5621019108280255 0.054778554778554776 0.03821656050955414
2 0.6899766899766899 0.2444267515923567 0.030303030303030304 0.07165605095541401
1 0.17307692307692307 0.027070063694267517 0.03613053613053613 0.022292993630573247
0 0.0979020979020979 0.6863057324840764 0.037296037296037296 0.08598726114649681
1 0.8822843822843823 0.9171974522292994 0.13752913752913754 0.08917197452229299
1 0.34382284382284384 0.2929936305732484 0.03496503496503497 0.054140127388535034
