2 0.3181818181818182 0.8351910828025477 0.030303030303030304 0.07165605095541401
1 0.8269230769230769 0.47611464968152867 0.05244755244755245 0.044585987261146494
1 0.9632867132867133 0.06369426751592357 0.0641025641025641 0.06369426751592357
0 0.2698135198135198 0.6321656050955414 0.0641025641025641 0.06050955414012739
1 0.05944055944055944 0.589968152866242 0.08158508158508158 0.06210191082802548
1 0.6497668997668997 0.6337579617834395 0.05011655011655012 0.04777070063694268
2 0.7185314685314685 0.9339171974522293 0.05944055944055944 0.04617834394904458
1 0.8828671328671329 0.09235668789808917 0.06876456876456877 0.054140127388535034
2 0.10547785547785547 0.8105095541401274 0.038461538461538464 0.08598726114649681
1 0.7336829836829837 0.046974522292993634 0.038461538461538464 0.02388535031847134
