1 0.32167832167832167 0.46337579617834396 0.016317016317016316 0.050955414012738856
2 0.0675990675990676 0.803343949044586 0.030303030303030304 0.07165605095541401
2 0.033216783216783216 0.10111464968152867 0.03613053613053613 0.09076433121019108
0 0.6182983682983683 0.6703821656050956 0.054778554778554776 0.07961783439490445
0 0.05419580419580419 0.5103503184713376 0.0337995337995338 0.08121019108280254
0 0.11771561771561771 0.9386942675159236 0.04195804195804196 0.0875796178343949
0 0.9312354312354313 0.17834394904458598 0.02564102564102564 0.050955414012738856
0 0.4423076923076923 0.714171974522293 0.054778554778554776 0.04936305732484077
1 0.754079254079254 0.2619426751592357 0.053613053613053616 0.06847133757961783
0 0.4597902097902098 0.45302547770700635 0.0641025641025641 0.0589171974522293
