1 0.6561771561771562 0.6218152866242038 0.08158508158508158 0.06210191082802548
0 0.418997668997669 0.28503184713375795 0.06643356643356643 0.06369426751592357
0 0.6031468531468531 0.16878980891719744 0.038461538461538464 0.08598726114649681
0 0.9597902097902098 0.9394904458598726 0.03613053613053613 0.08598726114649681
2 0.10664335664335664 0.2898089171974522 0.05244755244755245 0.041401273885350316
2 0.6334498834498834 0.35589171974522293 0.026806526806526808 0.08121019108280254
2 0.06643356643356643 0.910031847133758 0.05827505827505827 0.042993630573248405
1 0.5291375291375291 0.9012738853503185 0.08624708624708624 0.054140127388535034
1 0.16083916083916083 0.34156050955414013 0.04428904428904429 0.12898089171974522
0 0.9195804195804196 0.20382165605095542 0.09324009324009325 0.09872611464968153
