1 0.7418414918414918 0.2014331210191083 0.06643356643356643 0.12898089171974522
1 0.8216783216783217 0.14251592356687898 0.08158508158508158 0.06210191082802548
2 0.4015151515151515 0.9084394904458599 0.06177156177156177 0.052547770700636945
2 0.8525641025641025 0.6719745222929936 0.054778554778554776 0.12101910828025478
0 0.23193473193473194 0.3351910828025478 0.055944055944055944 0.1035031847133758
0 0.9667832167832168 0.7285031847133758 0.06177156177156177 0.12898089171974522
1 0.15034965034965034 0.5087579617834395 0.08158508158508158 0.06210191082802548
1 0.18764568764568765 0.9386942675159236 0.06060606060606061 0.04936305732484077
1 0.9067599067599068 0.33678343949044587 0.09557109557109557 0.06210191082802548
0 0.7948717948717948 0.05015923566878981 0.08391608391608392 0.07484076433121019
