1 0.5728438228438228 0.17834394904458598 0.045454545454545456 0.10828025477707007
0 0.6194638694638694 0.6170382165605095 0.03613053613053613 0.02388535031847134
2 0.6509324009324009 0.11544585987261147 0.038461538461538464 0.08439490445859872
2 0.1282051282051282 0.7595541401273885 0.030303030303030304 0.08917197452229299
0 0.7406759906759907 0.8941082802547771 0.0641025641025641 0.03980891719745223
2 0.06235431235431235 0.7181528662420382 0.05011655011655012 0.03821656050955414
2 0.11655011655011654 0.5772292993630573 0.027972027972027972 0.06847133757961783
0 0.4627039627039627 0.32722929936305734 0.06993006993006994 0.05573248407643312
2 0.3041958041958042 0.8471337579617835 0.07226107226107226 0.044585987261146494
1 0.3986013986013986 0.9355095541401274 0.046620046620046623 0.10987261146496816
