1 0.6322843822843823 0.1839171974522293 0.09673659673659674 0.06210191082802548
1 0.13344988344988346 0.13455414012738853 0.09906759906759907 0.09394904458598727
1 0.44114219114219116 0.40445859872611467 0.09673659673659674 0.06050955414012739
2 0.051864801864801864 0.1664012738853503 0.026806526806526808 0.08121019108280254
1 0.13694638694638694 0.9315286624203821 0.05944055944055944 0.1305732484076433
2 0.5367132867132867 0.6289808917197452 0.09906759906759907 0.06369426751592357
1 0.42424242424242425 0.08519108280254777 0.09090909090909091 0.07802547770700637
1 0.31643356643356646 0.29538216560509556 0.06177156177156177 0.12898089171974522
2 0.7383449883449883 0.5947452229299363 0.038461538461538464 0.10668789808917198
2 0.45104895104895104 0.9171974522292994 0.030303030303030304 0.08917197452229299
