1 0.5635198135198135 0.14171974522292993 0.05710955710955711 0.03821656050955414
0 0.10839160839160839 0.7133757961783439 0.055944055944055944 0.054140127388535034
1 0.11421911421911422 0.3885350318471338 0.10722610722610723 0.11464968152866242
1 0.6025641025641025 0.49761146496815284 0.08158508158508158 0.06210191082802548
1 0.42482517482517484 0.8152866242038217 0.0337995337995338 0.0732484076433121
2 0.38403263403263405 0.12818471337579618 0.05710955710955711 0.04617834394904458
2 0.291958041958042 0.6441082802547771 0.038461538461538464 0.08439490445859872
1 0.2768065268065268 0.08200636942675159 0.054778554778554776 0.03343949044585987
1 0.36247086247086246 0.3463375796178344 0.05128205128205128 0.11942675159235669
1 0.634032634032634 0.8622611464968153 0.039627039627039624 0.08439490445859872
