2 0.009906759906759906 0.8312101910828026 0.019813519813519812 0.050955414012738856
1 0.5186480186480187 0.8423566878980892 0.03496503496503497 0.09872611464968153
2 0.6491841491841492 0.8057324840764332 0.03496503496503497 0.08280254777070063
0 0.8974358974358975 0.9514331210191083 0.027972027972027972 0.06847133757961783
1 0.8636363636363636 0.6592356687898089 0.05128205128205128 0.04777070063694268
1 0.13111888111888112 0.7921974522292994 0.09673659673659674 0.08121019108280254
1 0.7680652680652681 0.768312101910828 0.039627039627039624 0.02388535031847134
2 0.8199300699300699 0.5199044585987261 0.0337995337995338 0.07802547770700637
1 0.21853146853146854 0.4745222929936306 0.045454545454545456 0.028662420382165606
1 0.6264568764568764 0.16003184713375795 0.05944055944055944 0.1321656050955414
