1 0.3181818181818182 0.7866242038216561 0.030303030303030304 0.06050955414012739
1 0.9003496503496503 0.7492038216560509 0.05944055944055944 0.1321656050955414
1 0.10606060606060606 0.27945859872611467 0.07226107226107226 0.14171974522292993
1 0.736013986013986 0.18710191082802546 0.05944055944055944 0.03980891719745223
2 0.7418414918414918 0.7882165605095541 0.06876456876456877 0.044585987261146494
1 0.3181818181818182 0.42595541401273884 0.02564102564102564 0.07165605095541401
1 0.7791375291375291 0.09474522292993631 0.054778554778554776 0.11305732484076433
2 0.19405594405594406 0.8686305732484076 0.054778554778554776 0.11305732484076433
2 0.5495337995337995 0.3893312101910828 0.08275058275058275 0.07484076433121019
1 0.6905594405594405 0.45302547770700635 0.05944055944055944 0.1321656050955414
