1 0.1456876456876457 0.7452229299363057 0.03496503496503497 0.07006369426751592
0 0.3939393939393939 0.518312101910828 0.030303030303030304 0.06528662420382166
0 0.7668997668997669 0.2269108280254777 0.039627039627039624 0.027070063694267517
2 0.7243589743589743 0.4164012738853503 0.12937062937062938 0.09394904458598727
1 0.5087412587412588 0.5039808917197452 0.05944055944055944 0.1321656050955414
1 0.8257575757575758 0.5931528662420382 0.015151515151515152 0.04617834394904458
1 0.7167832167832168 0.804140127388535 0.05827505827505827 0.03821656050955414
1 0.8787878787878788 0.8773885350318471 0.016317016317016316 0.054140127388535034
2 0.38053613053613056 0.09394904458598727 0.038461538461538464 0.08280254777070063
1 0.5081585081585082 0.321656050955414 0.0675990675990676 0.12738853503184713
