0 0.49067599067599066 0.9721337579617835 0.06293706293706294 0.052547770700636945
1 0.6532634032634033 0.041401273885350316 0.09207459207459208 0.05732484076433121
2 0.5506993006993007 0.7969745222929936 0.07109557109557109 0.04936305732484077
1 0.270979020979021 0.8757961783439491 0.1317016317016317 0.09235668789808917
0 0.6544289044289044 0.16321656050955413 0.0337995337995338 0.08121019108280254
1 0.6118881118881119 0.3678343949044586 0.08158508158508158 0.06050955414012739
2 0.1451048951048951 0.4171974522292994 0.038461538461538464 0.025477707006369428
0 0.9458041958041958 0.2874203821656051 0.06177156177156177 0.052547770700636945
2 0.3350815850815851 0.3630573248407643 0.026806526806526808 0.09235668789808917
2 0.710955710955711 0.4140127388535032 0.039627039627039624 0.10191082802547771
