1 0.6754079254079254 0.17197452229299362 0.045454545454545456 0.1305732484076433
1 0.7365967365967366 0.285828025477707 0.08158508158508158 0.06210191082802548
1 0.1963869463869464 0.9251592356687898 0.038461538461538464 0.09872611464968153
2 0.26515151515151514 0.5230891719745223 0.06177156177156177 0.052547770700636945
1 0.9230769230769231 0.9092356687898089 0.13752913752913754 0.11464968152866242
1 0.13344988344988346 0.3781847133757962 0.015151515151515152 0.02388535031847134
2 0.30244755244755245 0.8415605095541401 0.022144522144522144 0.06528662420382166
1 0.1346153846153846 0.10668789808917198 0.03613053613053613 0.0732484076433121
2 0.5407925407925408 0.7093949044585988 0.027972027972027972 0.06847133757961783
1 0.17307692307692307 0.7444267515923567 0.06876456876456877 0.18312101910828024
