2 0.8391608391608392 0.7507961783439491 0.02097902097902098 0.04936305732484077
0 0.916083916083916 0.679140127388535 0.023310023310023312 0.06847133757961783
2 0.4522144522144522 0.5565286624203821 0.030303030303030304 0.0875796178343949
1 0.9172494172494172 0.12579617834394904 0.03263403263403263 0.08917197452229299
0 0.5361305361305362 0.7898089171974523 0.06993006993006994 0.06369426751592357
1 0.04079254079254079 0.6950636942675159 0.018648018648018648 0.05573248407643312
1 0.31993006993006995 0.22531847133757962 0.05244755244755245 0.13535031847133758
0 0.1864801864801865 0.1305732484076433 0.037296037296037296 0.08598726114649681
2 0.5250582750582751 0.21894904458598727 0.038461538461538464 0.08439490445859872
1 0.6497668997668997 0.12340764331210191 0.09207459207459208 0.06528662420382166
