2 0.9463869463869464 0.3590764331210191 0.06060606060606061 0.052547770700636945
2 0.9627039627039627 0.5859872611464968 0.0675990675990676 0.044585987261146494
1 0.7651515151515151 0.2356687898089172 0.0337995337995338 0.09872611464968153
1 0.3094405594405594 0.7921974522292994 0.05944055944055944 0.03662420382165605
0 0.8793706293706294 0.8702229299363057 0.09906759906759907 0.09394904458598727
2 0.32634032634032634 0.1106687898089172 0.030303030303030304 0.07165605095541401
2 0.09673659673659674 0.8423566878980892 0.05128205128205128 0.041401273885350316
0 0.13986013986013987 0.6807324840764332 0.05827505827505827 0.07484076433121019
2 0.13286713286713286 0.18869426751592358 0.027972027972027972 0.06847133757961783
0 0.7686480186480187 0.12420382165605096 0.045454545454545456 0.10828025477707007
