1 0.5221445221445221 0.34394904458598724 0.05827505827505827 0.03821656050955414
1 0.39044289044289043 0.982484076433121 0.039627039627039624 0.022292993630573247
1 0.9236596736596736 0.5565286624203821 0.0944055944055944 0.0589171974522293
2 0.04895104895104895 0.40843949044585987 0.027972027972027972 0.06847133757961783
1 0.7476689976689976 0.7627388535031847 0.10839160839160839 0.18789808917197454
1 0.8193473193473193 0.35589171974522293 0.053613053613053616 0.04617834394904458
1 0.3350815850815851 0.15843949044585987 0.05944055944055944 0.1321656050955414
1 0.8595571095571095 0.7985668789808917 0.08741258741258741 0.05573248407643312
1 0.8088578088578089 0.4450636942675159 0.08158508158508158 0.06210191082802548
1 0.8135198135198135 0.1409235668789809 0.030303030303030304 0.09076433121019108
