2 0.2972027972027972 0.7937898089171974 0.027972027972027972 0.06847133757961783
1 0.6625874125874126 0.2014331210191083 0.05944055944055944 0.08121019108280254
0 0.8857808857808858 0.12977707006369427 0.05128205128205128 0.04617834394904458
0 0.19347319347319347 0.3964968152866242 0.03496503496503497 0.054140127388535034
1 0.2931235431235431 0.5437898089171974 0.03613053613053613 0.07165605095541401
1 0.14044289044289043 0.6504777070063694 0.06177156177156177 0.03662420382165605
2 0.28846153846153844 0.9068471337579618 0.038461538461538464 0.08439490445859872
1 0.7389277389277389 0.1536624203821656 0.08158508158508158 0.06210191082802548
1 0.6311188811188811 0.5429936305732485 0.017482517482517484 0.050955414012738856
1 0.9143356643356644 0.8606687898089171 0.054778554778554776 0.09394904458598727
