1 0.48892773892773894 0.8359872611464968 0.045454545454545456 0.11146496815286625
0 0.6165501165501166 0.7205414012738853 0.030303030303030304 0.06210191082802548
2 0.5775058275058275 0.6902866242038217 0.03146853146853147 0.10031847133757962
2 0.8344988344988346 0.26831210191082805 0.046620046620046623 0.030254777070063694
1 0.5617715617715617 0.7906050955414012 0.03263403263403263 0.07802547770700637
2 0.4166666666666667 0.4769108280254777 0.0337995337995338 0.07802547770700637
0 0.3886946386946387 0.6998407643312102 0.038461538461538464 0.08439490445859872
1 0.4603729603729604 0.10191082802547771 0.08158508158508158 0.06050955414012739
2 0.6707459207459208 0.1106687898089172 0.08508158508158509 0.05573248407643312
0 0.1684149184149184 0.39570063694267515 0.0337995337995338 0.08121019108280254
