0 0.925990675990676 0.38296178343949044 0.0337995337995338 0.07165605095541401
1 0.3245920745920746 0.7237261146496815 0.017482517482517484 0.05573248407643312
1 0.2511655011655012 0.572452229299363 0.05944055944055944 0.1321656050955414
1 0.7954545454545454 0.10031847133757962 0.0641025641025641 0.03821656050955414
1 0.31993006993006995 0.4323248407643312 0.09906759906759907 0.06210191082802548
1 0.6934731934731935 0.7818471337579618 0.037296037296037296 0.07643312101910828
1 0.12762237762237763 0.6313694267515924 0.05944055944055944 0.1321656050955414
2 0.9586247086247086 0.482484076433121 0.05944055944055944 0.041401273885350316
1 0.8980186480186481 0.5692675159235668 0.13636363636363635 0.09076433121019108
2 0.2803030303030303 0.339171974522293 0.024475524475524476 0.06687898089171974
