1 0.3758741258741259 0.06926751592356688 0.054778554778554776 0.11305732484076433
1 0.7296037296037297 0.697452229299363 0.08158508158508158 0.06050955414012739
1 0.7604895104895105 0.9203821656050956 0.029137529137529136 0.07961783439490445
2 0.8199300699300699 0.4896496815286624 0.05710955710955711 0.042993630573248405
1 0.06701631701631702 0.1695859872611465 0.038461538461538464 0.06847133757961783
0 0.6975524475524476 0.6106687898089171 0.03613053613053613 0.02388535031847134
1 0.9434731934731935 0.8901273885350318 0.05011655011655012 0.044585987261146494
1 0.5833333333333334 0.6218152866242038 0.029137529137529136 0.09076433121019108
2 0.2634032634032634 0.7770700636942676 0.06060606060606061 0.054140127388535034
2 0.9621212121212122 0.9570063694267515 0.029137529137529136 0.07961783439490445
