1 0.07517482517482517 0.9044585987261147 0.017482517482517484 0.050955414012738856
2 0.18240093240093241 0.7492038216560509 0.03146853146853147 0.06210191082802548
1 0.8216783216783217 0.18550955414012738 0.06526806526806526 0.042993630573248405
1 0.8974358974358975 0.7093949044585988 0.09557109557109557 0.06210191082802548
1 0.2942890442890443 0.07802547770700637 0.026806526806526808 0.07961783439490445
0 0.4405594405594406 0.785828025477707 0.07226107226107226 0.14171974522292993
1 0.9527972027972028 0.9195859872611465 0.017482517482517484 0.05573248407643312
0 0.4358974358974359 0.8972929936305732 0.06060606060606061 0.04936305732484077
0 0.3152680652680653 0.8821656050955414 0.045454545454545456 0.10828025477707007
2 0.8269230769230769 0.5939490445859873 0.06177156177156177 0.050955414012738856
