0 0.4219114219114219 0.14331210191082802 0.037296037296037296 0.08598726114649681
0 0.36538461538461536 0.7364649681528662 0.09906759906759907 0.08121019108280254
0 0.701048951048951 0.41003184713375795 0.03613053613053613 0.06528662420382166
2 0.229020979020979 0.1106687898089172 0.029137529137529136 0.07802547770700637
1 0.7196969696969697 0.6313694267515924 0.05944055944055944 0.1321656050955414
2 0.622960372960373 0.4267515923566879 0.024475524475524476 0.07643312101910828
1 0.5722610722610723 0.32245222929936307 0.10955710955710955 0.06847133757961783
0 0.351981351981352 0.35111464968152867 0.04428904428904429 0.08121019108280254
2 0.9423076923076923 0.7977707006369427 0.06876456876456877 0.044585987261146494
1 0.1794871794871795 0.4721337579617834 0.046620046620046623 0.030254777070063694
