1 0.5914918414918415 0.7046178343949044 0.06876456876456877 0.04617834394904458
2 0.7127039627039627 0.43789808917197454 0.038461538461538464 0.08598726114649681
1 0.7727272727272727 0.8957006369426752 0.09557109557109557 0.06210191082802548
0 0.30361305361305363 0.8200636942675159 0.03613053613053613 0.0732484076433121
1 0.7301864801864801 0.8343949044585988 0.0337995337995338 0.050955414012738856
1 0.9493006993006993 0.4140127388535032 0.05944055944055944 0.1305732484076433
1 0.7319347319347319 0.5485668789808917 0.04428904428904429 0.1321656050955414
1 0.10606060606060606 0.5835987261146497 0.039627039627039624 0.12261146496815287
1 0.2523310023310023 0.8113057324840764 0.05944055944055944 0.1321656050955414
1 0.5641025641025641 0.7770700636942676 0.023310023310023312 0.050955414012738856
