0 0.08916083916083917 0.39410828025477707 0.045454545454545456 0.03980891719745223
1 0.1486013986013986 0.7770700636942676 0.045454545454545456 0.1305732484076433
1 0.24825174825174826 0.37420382165605093 0.03263403263403263 0.08917197452229299
1 0.12354312354312354 0.5087579617834395 0.04195804195804196 0.12261146496815287
2 0.6893939393939394 0.7890127388535032 0.026806526806526808 0.08121019108280254
1 0.3525641025641026 0.4036624203821656 0.05944055944055944 0.042993630573248405
2 0.5722610722610723 0.19028662420382167 0.027972027972027972 0.06847133757961783
1 0.15675990675990675 0.37022292993630573 0.05944055944055944 0.1321656050955414
1 0.9300699300699301 0.8503184713375797 0.04195804195804196 0.1178343949044586
1 0.28496503496503495 0.9315286624203821 0.05944055944055944 0.03503184713375796
