0 0.7074592074592074 0.3351910828025478 0.053613053613053616 0.06847133757961783
2 0.7173659673659674 0.14888535031847133 0.045454545454545456 0.042993630573248405
1 0.21212121212121213 0.2515923566878981 0.08158508158508158 0.06050955414012739
1 0.3613053613053613 0.5103503184713376 0.037296037296037296 0.020700636942675158
2 0.07051282051282051 0.1536624203821656 0.029137529137529136 0.07165605095541401
1 0.20337995337995338 0.14729299363057324 0.05944055944055944 0.1321656050955414
1 0.1555944055944056 0.8471337579617835 0.05944055944055944 0.041401273885350316
0 0.38986013986013984 0.6671974522292994 0.06876456876456877 0.05732484076433121
0 0.6590909090909091 0.60828025477707 0.06177156177156177 0.050955414012738856
1 0.8648018648018648 0.6839171974522293 0.09557109557109557 0.18630573248407642
