2 0.5885780885780886 0.9562101910828026 0.04195804195804196 0.08439490445859872
1 0.30244755244755245 0.5796178343949044 0.0337995337995338 0.050955414012738856
0 0.07167832167832168 0.7356687898089171 0.045454545454545456 0.10828025477707007
1 0.06993006993006994 0.2157643312101911 0.04428904428904429 0.12261146496815287
1 0.5675990675990676 0.785828025477707 0.039627039627039624 0.02388535031847134
1 0.6130536130536131 0.48009554140127386 0.09557109557109557 0.06210191082802548
1 0.4184149184149184 0.20063694267515925 0.07925407925407925 0.15286624203821655
1 0.8251748251748252 0.8630573248407644 0.03496503496503497 0.09554140127388536
2 0.06468531468531469 0.8351910828025477 0.05944055944055944 0.052547770700636945
0 0.5763403263403264 0.11863057324840764 0.06177156177156177 0.12898089171974522
