1 0.6841491841491841 0.35270700636942676 0.07459207459207459 0.1321656050955414
1 0.5 0.40843949044585987 0.08624708624708624 0.19585987261146498
1 0.03787878787878788 0.09315286624203821 0.06177156177156177 0.03662420382165605
1 0.3677156177156177 0.9506369426751592 0.06643356643356643 0.044585987261146494
2 0.3245920745920746 0.6735668789808917 0.07342657342657342 0.050955414012738856
1 0.035547785547785545 0.9665605095541401 0.017482517482517484 0.054140127388535034
0 0.6206293706293706 0.5963375796178344 0.06876456876456877 0.06210191082802548
1 0.5967365967365967 0.04777070063694268 0.039627039627039624 0.025477707006369428
1 0.6526806526806527 0.7308917197452229 0.14219114219114218 0.11464968152866242
1 0.24417249417249418 0.08439490445859872 0.04312354312354312 0.07961783439490445
