0 0.44463869463869465 0.1552547770700637 0.08508158508158509 0.0875796178343949
0 0.26223776223776224 0.3781847133757962 0.037296037296037296 0.08439490445859872
1 0.6567599067599068 0.6019108280254777 0.0944055944055944 0.06050955414012739
0 0.7342657342657343 0.3678343949044586 0.030303030303030304 0.06050955414012739
1 0.8962703962703963 0.6648089171974523 0.08158508158508158 0.06210191082802548
2 0.8152680652680653 0.8200636942675159 0.038461538461538464 0.10509554140127389
2 0.3688811188811189 0.5191082802547771 0.03613053613053613 0.10191082802547771
1 0.7435897435897436 0.8535031847133758 0.04195804195804196 0.05732484076433121
1 0.5337995337995338 0.6042993630573248 0.08158508158508158 0.06210191082802548
1 0.7162004662004662 0.28662420382165604 0.06876456876456877 0.044585987261146494
