2 0.24125874125874125 0.1998407643312102 0.030303030303030304 0.07165605095541401
0 0.9644522144522144 0.12579617834394904 0.05944055944055944 0.050955414012738856
2 0.050699300699300696 0.09474522292993631 0.05944055944055944 0.04617834394904458
1 0.7103729603729604 0.17436305732484075 0.029137529137529136 0.08121019108280254
2 0.08916083916083917 0.5676751592356688 0.03146853146853147 0.08439490445859872
1 0.34440559440559443 0.6504777070063694 0.0337995337995338 0.10987261146496816
1 0.6130536130536131 0.14410828025477707 0.08158508158508158 0.06210191082802548
2 0.15967365967365968 0.2085987261146497 0.02564102564102564 0.0732484076433121
1 0.5227272727272727 0.22929936305732485 0.1317016317016317 0.09235668789808917
0 0.22202797202797203 0.28503184713375795 0.024475524475524476 0.050955414012738856
