2 0.28321678321678323 0.11942675159235669 0.02097902097902098 0.050955414012738856
1 0.9009324009324009 0.07245222929936306 0.06993006993006994 0.05573248407643312
1 0.5466200466200466 0.9211783439490446 0.08158508158508158 0.06210191082802548
0 0.09207459207459208 0.517515923566879 0.04195804195804196 0.08917197452229299
1 0.4533799533799534 0.98328025477707 0.053613053613053616 0.03343949044585987
0 0.5833333333333334 0.606687898089172 0.03613053613053613 0.0732484076433121
2 0.5233100233100233 0.3980891719745223 0.027972027972027972 0.08598726114649681
1 0.5361305361305362 0.18710191082802546 0.08624708624708624 0.07484076433121019
1 0.19347319347319347 0.16003184713375795 0.1445221445221445 0.09394904458598727
2 0.10314685314685315 0.11624203821656051 0.03146853146853147 0.07643312101910828
