2 0.06118881118881119 0.8256369426751592 0.038461538461538464 0.08439490445859872
2 0.02156177156177156 0.4856687898089172 0.038461538461538464 0.08280254777070063
1 0.756993006993007 0.5143312101910829 0.08275058275058275 0.20063694267515925
2 0.12937062937062938 0.8686305732484076 0.03496503496503497 0.027070063694267517
0 0.5588578088578089 0.15047770700636942 0.024475524475524476 0.06847133757961783
1 0.539044289044289 0.839968152866242 0.05944055944055944 0.1321656050955414
1 0.817016317016317 0.12977707006369427 0.04195804195804196 0.12261146496815287
1 0.6876456876456877 0.6950636942675159 0.04428904428904429 0.11942675159235669
2 0.18006993006993008 0.037420382165605094 0.024475524475524476 0.07165605095541401
0 0.19055944055944055 0.7906050955414012 0.03146853146853147 0.06210191082802548
