1 0.5099067599067599 0.8781847133757962 0.05944055944055944 0.1321656050955414
1 0.06060606060606061 0.19028662420382167 0.027972027972027972 0.09394904458598727
0 0.3717948717948718 0.37898089171974525 0.02564102564102564 0.06687898089171974
1 0.36480186480186483 0.8511146496815286 0.09557109557109557 0.08121019108280254
1 0.7552447552447552 0.9562101910828026 0.03263403263403263 0.07802547770700637
0 0.7162004662004662 0.6146496815286624 0.04079254079254079 0.07961783439490445
1 0.5215617715617715 0.7452229299363057 0.05944055944055944 0.054140127388535034
2 0.5565268065268065 0.2874203821656051 0.017482517482517484 0.04936305732484077
0 0.9638694638694638 0.4124203821656051 0.03496503496503497 0.0732484076433121
1 0.5017482517482518 0.3304140127388535 0.045454545454545456 0.1321656050955414
