1 0.9498834498834499 0.2125796178343949 0.07692307692307693 0.06210191082802548
0 0.9557109557109557 0.0963375796178344 0.08857808857808858 0.07802547770700637
1 0.9201631701631702 0.8121019108280255 0.05944055944055944 0.1305732484076433
1 0.9714452214452215 0.6170382165605095 0.038461538461538464 0.02388535031847134
2 0.5641025641025641 0.9570063694267515 0.02564102564102564 0.08280254777070063
1 0.7062937062937062 0.8001592356687898 0.046620046620046623 0.10987261146496816
1 0.6707459207459208 0.30971337579617836 0.08508158508158509 0.0875796178343949
2 0.7587412587412588 0.5796178343949044 0.039627039627039624 0.10509554140127389
1 0.7663170163170163 0.7969745222929936 0.03146853146853147 0.06210191082802548
0 0.75 0.19028662420382167 0.022144522144522144 0.06210191082802548
