2 0.8624708624708625 0.5867834394904459 0.02097902097902098 0.0589171974522293
1 0.9527972027972028 0.5286624203821656 0.047785547785547784 0.028662420382165606
0 0.5979020979020979 0.607484076433121 0.030303030303030304 0.07165605095541401
1 0.8875291375291375 0.38136942675159236 0.017482517482517484 0.04617834394904458
0 0.5297202797202797 0.03423566878980892 0.03613053613053613 0.02388535031847134
0 0.15442890442890442 0.8734076433121019 0.06177156177156177 0.052547770700636945
0 0.8210955710955711 0.8988853503184714 0.05710955710955711 0.04617834394904458
1 0.10372960372960373 0.47929936305732485 0.04428904428904429 0.1305732484076433
1 0.8088578088578089 0.4864649681528662 0.08158508158508158 0.06210191082802548
1 0.6398601398601399 0.7929936305732485 0.08391608391608392 0.050955414012738856
