0 0.43997668997669 0.7969745222929936 0.054778554778554776 0.04936305732484077
1 0.16083916083916083 0.714171974522293 0.055944055944055944 0.03662420382165605
0 0.7371794871794872 0.39490445859872614 0.05011655011655012 0.03821656050955414
1 0.6445221445221445 0.7189490445859873 0.09557109557109557 0.08121019108280254
2 0.1998834498834499 0.5756369426751592 0.06177156177156177 0.052547770700636945
2 0.07400932400932402 0.5071656050955414 0.0337995337995338 0.07802547770700637
2 0.7616550116550117 0.17197452229299362 0.03146853146853147 0.08280254777070063
1 0.32867132867132864 0.7109872611464968 0.08624708624708624 0.21178343949044587
0 0.8793706293706294 0.2085987261146497 0.10839160839160839 0.18789808917197454
1 0.09498834498834499 0.04936305732484077 0.017482517482517484 0.025477707006369428
