0 0.6421911421911422 0.8471337579617835 0.03496503496503497 0.07006369426751592
2 0.3006993006993007 0.5692675159235668 0.030303030303030304 0.07165605095541401
1 0.7237762237762237 0.2300955414012739 0.046620046620046623 0.10987261146496816
1 0.05710955710955711 0.7786624203821656 0.030303030303030304 0.06050955414012739
2 0.09149184149184149 0.3535031847133758 0.03613053613053613 0.10191082802547771
1 0.6544289044289044 0.7173566878980892 0.05944055944055944 0.1321656050955414
1 0.4965034965034965 0.8431528662420382 0.016317016317016316 0.052547770700636945
2 0.23892773892773891 0.660031847133758 0.027972027972027972 0.06847133757961783
0 0.9603729603729604 0.8304140127388535 0.0675990675990676 0.05573248407643312
2 0.7814685314685315 0.25796178343949044 0.03146853146853147 0.07643312101910828
