1 0.9545454545454546 0.642515923566879 0.08158508158508158 0.06210191082802548
0 0.8286713286713286 0.8049363057324841 0.04428904428904429 0.10987261146496816
1 0.6934731934731935 0.3232484076433121 0.0979020979020979 0.09235668789808917
1 0.17074592074592074 0.3590764331210191 0.019813519813519812 0.05573248407643312
1 0.5 0.2285031847133758 0.03263403263403263 0.09076433121019108
0 0.4527972027972028 0.3495222929936306 0.0780885780885781 0.06210191082802548
1 0.664918414918415 0.08917197452229299 0.13636363636363635 0.1337579617834395
1 0.9038461538461539 0.48168789808917195 0.045454545454545456 0.12261146496815287
1 0.7057109557109557 0.8638535031847133 0.04312354312354312 0.12579617834394904
1 0.3939393939393939 0.06289808917197452 0.03263403263403263 0.07802547770700637
