1 0.08624708624708624 0.21735668789808918 0.018648018648018648 0.05573248407643312
0 0.49533799533799533 0.6011146496815286 0.07226107226107226 0.06528662420382166
1 0.8164335664335665 0.7890127388535032 0.09906759906759907 0.08121019108280254
1 0.19755244755244755 0.7237261146496815 0.06876456876456877 0.04617834394904458
2 0.09965034965034965 0.15047770700636942 0.0337995337995338 0.07802547770700637
2 0.25582750582750585 0.24522292993630573 0.038461538461538464 0.08280254777070063
1 0.1585081585081585 0.9601910828025477 0.07925407925407925 0.06369426751592357
0 0.49125874125874125 0.47770700636942676 0.05244755244755245 0.041401273885350316
1 0.3758741258741259 0.36544585987261147 0.05944055944055944 0.1321656050955414
0 0.4551282051282051 0.042993630573248405 0.05244755244755245 0.041401273885350316
