1 0.8059440559440559 0.06687898089171974 0.026806526806526808 0.07961783439490445
1 0.8251748251748252 0.625 0.05128205128205128 0.08121019108280254
1 0.3484848484848485 0.320859872611465 0.030303030303030304 0.07484076433121019
1 0.8304195804195804 0.8805732484076433 0.0337995337995338 0.09235668789808917
2 0.5081585081585082 0.7961783439490446 0.08391608391608392 0.05732484076433121
1 0.08333333333333333 0.43630573248407645 0.05710955710955711 0.03503184713375796
1 0.8904428904428905 0.8972929936305732 0.039627039627039624 0.02388535031847134
1 0.9044289044289044 0.25557324840764334 0.08158508158508158 0.06210191082802548
1 0.44871794871794873 0.16321656050955413 0.016317016317016316 0.052547770700636945
0 0.9376456876456877 0.8980891719745223 0.03146853146853147 0.07006369426751592
