0 0.27214452214452217 0.2762738853503185 0.03146853146853147 0.042993630573248405
0 0.12179487179487179 0.22054140127388536 0.0337995337995338 0.08121019108280254
1 0.5064102564102564 0.23964968152866242 0.054778554778554776 0.09394904458598727
2 0.8921911421911422 0.7778662420382165 0.0337995337995338 0.07802547770700637
1 0.9516317016317016 0.29697452229299365 0.024475524475524476 0.06847133757961783
0 0.7092074592074592 0.10111464968152867 0.054778554778554776 0.11305732484076433
0 0.13636363636363635 0.024681528662420384 0.06060606060606061 0.04936305732484077
1 0.38578088578088576 0.7292993630573248 0.05827505827505827 0.03821656050955414
0 0.2692307692307692 0.9044585987261147 0.08857808857808858 0.07006369426751592
1 0.18181818181818182 0.20222929936305734 0.06993006993006994 0.06369426751592357
