2 0.8181818181818182 0.48328025477707004 0.11188811188811189 0.08121019108280254
0 0.09673659673659674 0.9052547770700637 0.04195804195804196 0.0875796178343949
2 0.8106060606060606 0.9243630573248408 0.08275058275058275 0.07484076433121019
1 0.3583916083916084 0.03264331210191083 0.038461538461538464 0.02388535031847134
1 0.08158508158508158 0.6640127388535032 0.08857808857808858 0.050955414012738856
1 0.30594405594405594 0.3176751592356688 0.029137529137529136 0.09076433121019108
2 0.4172494172494173 0.3001592356687898 0.08158508158508158 0.04617834394904458
1 0.6235431235431236 0.429140127388535 0.039627039627039624 0.10031847133757962
1 0.6351981351981352 0.6544585987261147 0.13752913752913754 0.08917197452229299
2 0.7634032634032634 0.16003184713375795 0.04195804195804196 0.08439490445859872
