1 0.40617715617715616 0.6839171974522293 0.13403263403263405 0.09394904458598727
1 0.504079254079254 0.7890127388535032 0.08275058275058275 0.07484076433121019
2 0.10955710955710955 0.464171974522293 0.030303030303030304 0.08439490445859872
1 0.2931235431235431 0.31210191082802546 0.0780885780885781 0.1337579617834395
1 0.9393939393939394 0.7022292993630573 0.02097902097902098 0.06687898089171974
1 0.44405594405594406 0.06847133757961783 0.037296037296037296 0.10191082802547771
2 0.8828671328671329 0.5039808917197452 0.022144522144522144 0.06528662420382166
1 0.7593240093240093 0.07404458598726114 0.05944055944055944 0.1321656050955414
0 0.6963869463869464 0.3503184713375796 0.05011655011655012 0.03821656050955414
0 0.5518648018648019 0.41003184713375795 0.06177156177156177 0.12898089171974522
