0 0.5903263403263403 0.0875796178343949 0.0337995337995338 0.0732484076433121
0 0.8951048951048951 0.47054140127388533 0.053613053613053616 0.07802547770700637
1 0.5728438228438228 0.3734076433121019 0.0337995337995338 0.09076433121019108
1 0.6695804195804196 0.8328025477707006 0.04312354312354312 0.11464968152866242
1 0.4621212121212121 0.6226114649681529 0.08041958041958042 0.03821656050955414
0 0.19813519813519814 0.5406050955414012 0.08391608391608392 0.07484076433121019
1 0.11888111888111888 0.16480891719745222 0.08158508158508158 0.06210191082802548
1 0.30652680652680653 0.3471337579617834 0.046620046620046623 0.08280254777070063
2 0.763986013986014 0.16003184713375795 0.045454545454545456 0.042993630573248405
0 0.10722610722610723 0.303343949044586 0.03263403263403263 0.08121019108280254
