1 0.5646853146853147 0.8893312101910829 0.05944055944055944 0.03662420382165605
1 0.6416083916083916 0.07165605095541401 0.017482517482517484 0.054140127388535034
2 0.9766899766899767 0.49522292993630573 0.030303030303030304 0.08917197452229299
0 0.5087412587412588 0.33837579617834396 0.04079254079254079 0.0875796178343949
1 0.06235431235431235 0.2730891719745223 0.06876456876456877 0.06210191082802548
0 0.05652680652680653 0.14331210191082802 0.05244755244755245 0.041401273885350316
1 0.6328671328671329 0.7444267515923567 0.0675990675990676 0.13535031847133758
1 0.8409090909090909 0.5453821656050956 0.038461538461538464 0.02388535031847134
1 0.9358974358974359 0.8351910828025477 0.08624708624708624 0.06210191082802548
1 0.6451048951048951 0.5366242038216561 0.022144522144522144 0.07006369426751592
