1 0.3245920745920746 0.6114649681528662 0.05944055944055944 0.1305732484076433
1 0.45396270396270394 0.8375796178343949 0.017482517482517484 0.054140127388535034
1 0.32575757575757575 0.07563694267515923 0.04079254079254079 0.02388535031847134
1 0.19114219114219114 0.3893312101910828 0.03496503496503497 0.02388535031847134
1 0.615967365967366 0.21656050955414013 0.05944055944055944 0.1305732484076433
1 0.6835664335664335 0.85828025477707 0.05944055944055944 0.1305732484076433
0 0.034382284382284384 0.4052547770700637 0.0337995337995338 0.08121019108280254
1 0.07167832167832168 0.5501592356687898 0.08275058275058275 0.07484076433121019
1 0.798951048951049 0.554140127388535 0.08041958041958042 0.06369426751592357
1 0.21037296037296038 0.2898089171974522 0.05944055944055944 0.1305732484076433
