1 0.8613053613053613 0.4578025477707006 0.09557109557109557 0.06210191082802548
1 0.32867132867132864 0.7691082802547771 0.06060606060606061 0.05732484076433121
1 0.46794871794871795 0.44187898089171973 0.05944055944055944 0.03662420382165605
0 0.3951048951048951 0.7197452229299363 0.06060606060606061 0.1178343949044586
0 0.9318181818181818 0.2054140127388535 0.04079254079254079 0.07961783439490445
1 0.8012820512820513 0.1942675159235669 0.038461538461538464 0.03184713375796178
2 0.4935897435897436 0.9578025477707006 0.05944055944055944 0.04617834394904458
2 0.6911421911421911 0.2898089171974522 0.07925407925407925 0.050955414012738856
1 0.3677156177156177 0.34156050955414013 0.08741258741258741 0.06528662420382166
2 0.8135198135198135 0.30812101910828027 0.027972027972027972 0.06847133757961783
