1 0.16142191142191142 0.18550955414012738 0.09207459207459208 0.06528662420382166
1 0.7797202797202797 0.5429936305732485 0.08158508158508158 0.06050955414012739
0 0.6276223776223776 0.38455414012738853 0.03613053613053613 0.02388535031847134
2 0.8001165501165501 0.14888535031847133 0.0337995337995338 0.07802547770700637
1 0.6520979020979021 0.8630573248407644 0.07109557109557109 0.05732484076433121
1 0.884032634032634 0.6090764331210191 0.054778554778554776 0.042993630573248405
0 0.9597902097902098 0.5302547770700637 0.0337995337995338 0.0732484076433121
1 0.87995337995338 0.45143312101910826 0.037296037296037296 0.08121019108280254
1 0.30594405594405594 0.27388535031847133 0.017482517482517484 0.054140127388535034
2 0.696969696969697 0.9402866242038217 0.10023310023310024 0.06847133757961783
