0 0.9079254079254079 0.06050955414012739 0.053613053613053616 0.04777070063694268
1 0.8578088578088578 0.36544585987261147 0.07692307692307693 0.04617834394904458
2 0.9656177156177156 0.4482484076433121 0.0337995337995338 0.07802547770700637
0 0.02505827505827506 0.11226114649681529 0.026806526806526808 0.0589171974522293
0 0.12645687645687645 0.6202229299363057 0.05944055944055944 0.04936305732484077
1 0.40501165501165504 0.8988853503184714 0.05944055944055944 0.03343949044585987
1 0.5571095571095571 0.1910828025477707 0.05827505827505827 0.050955414012738856
1 0.6707459207459208 0.4896496815286624 0.017482517482517484 0.052547770700636945
2 0.43065268065268064 0.7882165605095541 0.024475524475524476 0.07006369426751592
1 0.46503496503496505 0.08280254777070063 0.016317016317016316 0.050955414012738856
