1 0.047785547785547784 0.0875796178343949 0.030303030303030304 0.06369426751592357
0 0.11188811188811189 0.4052547770700637 0.09557109557109557 0.07802547770700637
0 0.12121212121212122 0.17914012738853502 0.053613053613053616 0.07802547770700637
1 0.27214452214452217 0.2085987261146497 0.04079254079254079 0.025477707006369428
0 0.32925407925407923 0.6234076433121019 0.045454545454545456 0.03980891719745223
1 0.4527972027972028 0.8320063694267515 0.045454545454545456 0.10987261146496816
1 0.6625874125874126 0.785031847133758 0.047785547785547784 0.1337579617834395
1 0.38461538461538464 0.5955414012738853 0.03496503496503497 0.07006369426751592
0 0.229020979020979 0.30812101910828027 0.038461538461538464 0.08121019108280254
0 0.701048951048951 0.26990445859872614 0.08275058275058275 0.07484076433121019
