1 0.5512820512820513 0.6011146496815286 0.03263403263403263 0.08439490445859872
2 0.9289044289044289 0.9514331210191083 0.06060606060606061 0.052547770700636945
1 0.06585081585081586 0.7404458598726115 0.06876456876456877 0.041401273885350316
0 0.5681818181818182 0.4442675159235669 0.05244755244755245 0.041401273885350316
2 0.6113053613053613 0.679140127388535 0.05944055944055944 0.052547770700636945
1 0.782051282051282 0.4482484076433121 0.08158508158508158 0.06210191082802548
0 0.3916083916083916 0.41878980891719747 0.06293706293706294 0.04777070063694268
1 0.36421911421911424 0.17914012738853502 0.05944055944055944 0.1321656050955414
2 0.7902097902097902 0.17038216560509553 0.08624708624708624 0.08280254777070063
1 0.8146853146853147 0.03184713375796178 0.030303030303030304 0.06369426751592357
