2 0.8560606060606061 0.6154458598726115 0.10606060606060606 0.07165605095541401
0 0.168997668997669 0.9355095541401274 0.06293706293706294 0.052547770700636945
2 0.782051282051282 0.2444267515923567 0.030303030303030304 0.07165605095541401
2 0.5238927738927739 0.6767515923566879 0.022144522144522144 0.07006369426751592
1 0.28263403263403264 0.6409235668789809 0.06876456876456877 0.06210191082802548
1 0.8187645687645687 0.4410828025477707 0.0780885780885781 0.06687898089171974
1 0.8776223776223776 0.5207006369426752 0.039627039627039624 0.022292993630573247
0 0.07925407925407925 0.6815286624203821 0.03263403263403263 0.07006369426751592
0 0.4755244755244755 0.42595541401273884 0.06293706293706294 0.04936305732484077
0 0.1252913752913753 0.5796178343949044 0.024475524475524476 0.06687898089171974
