2 0.14219114219114218 0.392515923566879 0.023310023310023312 0.06528662420382166
2 0.3921911421911422 0.570859872611465 0.0944055944055944 0.0589171974522293
1 0.6078088578088578 0.9601910828025477 0.03613053613053613 0.022292993630573247
1 0.6596736596736597 0.19347133757961785 0.037296037296037296 0.06847133757961783
1 0.04487179487179487 0.7396496815286624 0.0337995337995338 0.09076433121019108
1 0.11655011655011654 0.8980891719745223 0.05827505827505827 0.03821656050955414
1 0.40967365967365965 0.07484076433121019 0.038461538461538464 0.11146496815286625
1 0.4405594405594406 0.9004777070063694 0.016317016317016316 0.052547770700636945
1 0.7902097902097902 0.05573248407643312 0.06993006993006994 0.07006369426751592
1 0.6433566433566433 0.4753184713375796 0.039627039627039624 0.02388535031847134
