1 0.6958041958041958 0.4068471337579618 0.05827505827505827 0.03343949044585987
2 0.168997668997669 0.6202229299363057 0.013986013986013986 0.042993630573248405
1 0.034382284382284384 0.29697452229299365 0.054778554778554776 0.11305732484076433
1 0.9137529137529138 0.6393312101910829 0.03263403263403263 0.08439490445859872
0 0.05710955710955711 0.7746815286624203 0.037296037296037296 0.08121019108280254
0 0.042540792540792544 0.6703821656050956 0.0337995337995338 0.07961783439490445
1 0.25815850815850816 0.9570063694267515 0.017482517482517484 0.054140127388535034
1 0.553030303030303 0.7054140127388535 0.024475524475524476 0.06687898089171974
0 0.15384615384615385 0.7842356687898089 0.06293706293706294 0.052547770700636945
2 0.48776223776223776 0.14570063694267515 0.038461538461538464 0.09076433121019108
