2 0.8275058275058275 0.1178343949044586 0.05128205128205128 0.03184713375796178
1 0.32051282051282054 0.37261146496815284 0.039627039627039624 0.025477707006369428
2 0.4493006993006993 0.8885350318471338 0.08041958041958042 0.050955414012738856
1 0.09848484848484848 0.10031847133757962 0.04312354312354312 0.11464968152866242
1 0.07692307692307693 0.8726114649681529 0.03496503496503497 0.07006369426751592
2 0.30536130536130535 0.8742038216560509 0.03263403263403263 0.10191082802547771
1 0.6480186480186481 0.5254777070063694 0.030303030303030304 0.08598726114649681
1 0.35664335664335667 0.6027070063694268 0.08158508158508158 0.06210191082802548
1 0.8578088578088578 0.07643312101910828 0.037296037296037296 0.03184713375796178
0 0.256993006993007 0.13614649681528662 0.03146853146853147 0.07484076433121019
