1 0.3473193473193473 0.49761146496815284 0.016317016317016316 0.052547770700636945
0 0.6503496503496503 0.4307324840764331 0.03263403263403263 0.07802547770700637
0 0.9487179487179487 0.9315286624203821 0.053613053613053616 0.04777070063694268
1 0.17191142191142192 0.5979299363057324 0.03613053613053613 0.02388535031847134
1 0.6095571095571095 0.4928343949044586 0.04428904428904429 0.11624203821656051
0 0.831002331002331 0.570859872611465 0.046620046620046623 0.06210191082802548
1 0.28613053613053613 0.5294585987261147 0.0337995337995338 0.09076433121019108
1 0.5588578088578089 0.6457006369426752 0.038461538461538464 0.02388535031847134
0 0.4166666666666667 0.24920382165605096 0.05710955710955711 0.12579617834394904
1 0.8525641025641025 0.2571656050955414 0.029137529137529136 0.08121019108280254
