2 0.6538461538461539 0.07085987261146497 0.02097902097902098 0.06528662420382166
1 0.8403263403263403 0.37022292993630573 0.027972027972027972 0.0589171974522293
1 0.6993006993006993 0.5581210191082803 0.07459207459207459 0.18630573248407642
2 0.43006993006993005 0.625 0.023310023310023312 0.06528662420382166
2 0.5425407925407926 0.12340764331210191 0.05710955710955711 0.04617834394904458
1 0.29836829836829837 0.13614649681528662 0.037296037296037296 0.020700636942675158
0 0.916083916083916 0.893312101910828 0.08857808857808858 0.07006369426751592
0 0.6025641025641025 0.07245222929936306 0.03263403263403263 0.07802547770700637
0 0.7505827505827506 0.8542993630573248 0.023310023310023312 0.06847133757961783
2 0.666083916083916 0.7595541401273885 0.0944055944055944 0.06050955414012739
