1 0.6148018648018648 0.36703821656050956 0.029137529137529136 0.08121019108280254
1 0.26515151515151514 0.8351910828025477 0.03146853146853147 0.08121019108280254
1 0.05827505827505827 0.24761146496815287 0.03496503496503497 0.027070063694267517
2 0.6293706293706294 0.19665605095541402 0.037296037296037296 0.02388535031847134
0 0.18356643356643357 0.10111464968152867 0.038461538461538464 0.08439490445859872
1 0.87995337995338 0.49203821656050956 0.018648018648018648 0.054140127388535034
1 0.5367132867132867 0.07085987261146497 0.08974358974358974 0.0589171974522293
1 0.7861305361305362 0.7659235668789809 0.03613053613053613 0.04777070063694268
2 0.4178321678321678 0.6552547770700637 0.06177156177156177 0.052547770700636945
2 0.9656177156177156 0.4880573248407643 0.06177156177156177 0.052547770700636945
