1 0.6311188811188811 0.2619426751592357 0.09673659673659674 0.08121019108280254
2 0.21678321678321677 0.10270700636942676 0.030303030303030304 0.07802547770700637
0 0.17191142191142192 0.8232484076433121 0.0780885780885781 0.1305732484076433
1 0.6054778554778555 0.7810509554140127 0.06643356643356643 0.17993630573248406
1 0.21095571095571095 0.5915605095541401 0.09557109557109557 0.06210191082802548
2 0.9475524475524476 0.2659235668789809 0.03496503496503497 0.10191082802547771
1 0.745920745920746 0.8288216560509554 0.08158508158508158 0.06210191082802548
0 0.25757575757575757 0.3431528662420382 0.10955710955710955 0.0875796178343949
1 0.9417249417249417 0.4888535031847134 0.046620046620046623 0.09235668789808917
1 0.49125874125874125 0.822452229299363 0.08741258741258741 0.07484076433121019
