2 0.6480186480186481 0.446656050955414 0.027972027972027972 0.06847133757961783
1 0.09965034965034965 0.17117834394904458 0.017482517482517484 0.052547770700636945
1 0.7103729603729604 0.19904458598726116 0.05944055944055944 0.1305732484076433
0 0.6928904428904429 0.9745222929936306 0.06177156177156177 0.050955414012738856
0 0.965034965034965 0.3885350318471338 0.06993006993006994 0.054140127388535034
1 0.6305361305361306 0.9450636942675159 0.02564102564102564 0.0589171974522293
1 0.5192307692307693 0.2125796178343949 0.05944055944055944 0.1321656050955414
2 0.03146853146853147 0.3184713375796178 0.05128205128205128 0.03503184713375796
0 0.4562937062937063 0.5286624203821656 0.03613053613053613 0.08598726114649681
1 0.5192307692307693 0.9044585987261147 0.13403263403263405 0.09554140127388536
