1 0.6287878787878788 0.6648089171974523 0.09673659673659674 0.06210191082802548
1 0.6853146853146853 0.946656050955414 0.08158508158508158 0.06210191082802548
0 0.317016317016317 0.30812101910828027 0.039627039627039624 0.08121019108280254
1 0.46678321678321677 0.6003184713375797 0.05944055944055944 0.1305732484076433
1 0.7022144522144522 0.8200636942675159 0.10839160839160839 0.11146496815286625
0 0.22086247086247085 0.73328025477707 0.03146853146853147 0.07165605095541401
1 0.2296037296037296 0.9657643312101911 0.05128205128205128 0.04617834394904458
1 0.7278554778554779 0.1393312101910828 0.05944055944055944 0.1321656050955414
1 0.8851981351981352 0.8105095541401274 0.09207459207459208 0.05732484076433121
1 0.5402097902097902 0.6711783439490446 0.05944055944055944 0.1321656050955414
