2 0.4970862470862471 0.5549363057324841 0.05710955710955711 0.03662420382165605
1 0.8047785547785548 0.37738853503184716 0.05944055944055944 0.1305732484076433
1 0.5926573426573427 0.4578025477707006 0.09906759906759907 0.07802547770700637
0 0.3269230769230769 0.18550955414012738 0.04079254079254079 0.08439490445859872
1 0.3962703962703963 0.2635350318471338 0.03496503496503497 0.02388535031847134
1 0.08275058275058275 0.7714968152866242 0.04428904428904429 0.12898089171974522
0 0.8776223776223776 0.4251592356687898 0.0675990675990676 0.08280254777070063
1 0.8688811188811189 0.8542993630573248 0.017482517482517484 0.052547770700636945
1 0.9586247086247086 0.14888535031847133 0.03146853146853147 0.06210191082802548
1 0.26282051282051283 0.24920382165605096 0.04312354312354312 0.12579617834394904
