1 0.9178321678321678 0.34156050955414013 0.05944055944055944 0.1321656050955414
0 0.43997668997669 0.9347133757961783 0.05244755244755245 0.041401273885350316
1 0.8916083916083916 0.5883757961783439 0.08158508158508158 0.06210191082802548
0 0.7482517482517482 0.5262738853503185 0.04195804195804196 0.0875796178343949
0 0.5565268065268065 0.7921974522292994 0.054778554778554776 0.11305732484076433
1 0.40384615384615385 0.7277070063694268 0.05944055944055944 0.1305732484076433
1 0.39044289044289043 0.5254777070063694 0.08158508158508158 0.06050955414012739
0 0.8613053613053613 0.29777070063694266 0.03496503496503497 0.07006369426751592
0 0.030885780885780884 0.0804140127388535 0.047785547785547784 0.06210191082802548
1 0.2738927738927739 0.17277070063694266 0.016317016317016316 0.052547770700636945
