2 0.3793706293706294 0.357484076433121 0.038461538461538464 0.09076433121019108
1 0.46678321678321677 0.8527070063694268 0.05944055944055944 0.1321656050955414
2 0.7068764568764568 0.6369426751592356 0.017482517482517484 0.044585987261146494
2 0.04603729603729604 0.7261146496815286 0.05244755244755245 0.041401273885350316
1 0.553030303030303 0.28105095541401276 0.06876456876456877 0.0589171974522293
1 0.46503496503496505 0.0732484076433121 0.05827505827505827 0.03503184713375796
1 0.42365967365967366 0.446656050955414 0.04079254079254079 0.11305732484076433
1 0.8263403263403264 0.30971337579617836 0.13986013986013987 0.09076433121019108
1 0.5565268065268065 0.5644904458598726 0.1317016317016317 0.0875796178343949
2 0.3927738927738928 0.6664012738853503 0.11188811188811189 0.08121019108280254
