2 0.6392773892773893 0.3463375796178344 0.03146853146853147 0.0875796178343949
2 0.18006993006993008 0.7953821656050956 0.0337995337995338 0.09713375796178345
0 0.44871794871794873 0.42038216560509556 0.037296037296037296 0.08598726114649681
0 0.506993006993007 0.7619426751592356 0.030303030303030304 0.07165605095541401
1 0.6952214452214452 0.8447452229299363 0.09673659673659674 0.08121019108280254
2 0.8508158508158508 0.6409235668789809 0.05827505827505827 0.03343949044585987
1 0.043706293706293704 0.6377388535031847 0.05944055944055944 0.1321656050955414
1 0.791958041958042 0.2484076433121019 0.03146853146853147 0.08280254777070063
1 0.051864801864801864 0.3479299363057325 0.04312354312354312 0.11305732484076433
2 0.7861305361305362 0.7460191082802548 0.05944055944055944 0.04617834394904458
