1 0.8624708624708625 0.43710191082802546 0.0675990675990676 0.052547770700636945
1 0.22319347319347319 0.1393312101910828 0.045454545454545456 0.10987261146496816
1 0.4143356643356643 0.46894904458598724 0.05944055944055944 0.1321656050955414
2 0.9638694638694638 0.5557324840764332 0.023310023310023312 0.0732484076433121
1 0.6130536130536131 0.6998407643312102 0.018648018648018648 0.05573248407643312
2 0.5332167832167832 0.4729299363057325 0.0337995337995338 0.07961783439490445
1 0.6847319347319347 0.17834394904458598 0.08974358974358974 0.05732484076433121
1 0.5017482517482518 0.6831210191082803 0.0944055944055944 0.05732484076433121
2 0.7564102564102564 0.9124203821656051 0.023310023310023312 0.06369426751592357
2 0.18123543123543123 0.589968152866242 0.038461538461538464 0.08439490445859872
