2 0.5885780885780886 0.3606687898089172 0.06060606060606061 0.052547770700636945
2 0.6835664335664335 0.2515923566878981 0.029137529137529136 0.0732484076433121
2 0.14277389277389277 0.4737261146496815 0.03146853146853147 0.07484076433121019
0 0.7511655011655012 0.8511146496815286 0.06177156177156177 0.052547770700636945
1 0.28146853146853146 0.1377388535031847 0.029137529137529136 0.09076433121019108
2 0.7296037296037297 0.6990445859872612 0.06060606060606061 0.1178343949044586
2 0.5961538461538461 0.5636942675159236 0.038461538461538464 0.08598726114649681
1 0.8141025641025641 0.0660828025477707 0.13403263403263405 0.09076433121019108
2 0.25524475524475526 0.7969745222929936 0.05827505827505827 0.03343949044585987
1 0.32284382284382285 0.14570063694267515 0.039627039627039624 0.02388535031847134
