1 0.6258741258741258 0.9020700636942676 0.018648018648018648 0.052547770700636945
2 0.5944055944055944 0.07722929936305732 0.027972027972027972 0.06847133757961783
2 0.5355477855477856 0.8590764331210191 0.08041958041958042 0.052547770700636945
1 0.587995337995338 0.5485668789808917 0.017482517482517484 0.05573248407643312
1 0.6223776223776224 0.48009554140127386 0.039627039627039624 0.02388535031847134
1 0.041375291375291376 0.4020700636942675 0.026806526806526808 0.08439490445859872
0 0.9335664335664335 0.054140127388535034 0.046620046620046623 0.09235668789808917
1 0.541958041958042 0.1695859872611465 0.04195804195804196 0.12261146496815287
1 0.6853146853146853 0.34156050955414013 0.013986013986013986 0.08121019108280254
0 0.7185314685314685 0.6520700636942676 0.03146853146853147 0.07484076433121019
