0 0.747086247086247 0.1106687898089172 0.06293706293706294 0.052547770700636945
2 0.8490675990675991 0.7205414012738853 0.054778554778554776 0.11305732484076433
1 0.09324009324009325 0.09792993630573249 0.04195804195804196 0.02388535031847134
0 0.43123543123543123 0.8105095541401274 0.053613053613053616 0.04777070063694268
0 0.7167832167832168 0.21735668789808918 0.027972027972027972 0.06210191082802548
1 0.7016317016317016 0.9179936305732485 0.03496503496503497 0.06847133757961783
0 0.26048951048951047 0.554140127388535 0.06876456876456877 0.08280254777070063
0 0.5693473193473193 0.625 0.05710955710955711 0.04617834394904458
1 0.7162004662004662 0.34076433121019106 0.05944055944055944 0.1305732484076433
1 0.05011655011655012 0.06289808917197452 0.02564102564102564 0.06847133757961783
