2 0.32925407925407923 0.6090764331210191 0.0337995337995338 0.07802547770700637
0 0.12878787878787878 0.16480891719745222 0.10139860139860139 0.0875796178343949
1 0.5233100233100233 0.6671974522292994 0.055944055944055944 0.03503184713375796
1 0.23135198135198135 0.9259554140127388 0.09906759906759907 0.09076433121019108
2 0.057692307692307696 0.20461783439490447 0.024475524475524476 0.06847133757961783
0 0.30594405594405594 0.5238853503184714 0.08974358974358974 0.08598726114649681
1 0.4662004662004662 0.73328025477707 0.08158508158508158 0.06210191082802548
1 0.5786713286713286 0.26671974522292996 0.045454545454545456 0.1321656050955414
2 0.8152680652680653 0.7890127388535032 0.026806526806526808 0.08439490445859872
2 0.3752913752913753 0.08439490445859872 0.06060606060606061 0.1178343949044586
