1 0.14160839160839161 0.8487261146496815 0.03146853146853147 0.09235668789808917
0 0.2768065268065268 0.20461783439490447 0.09906759906759907 0.09394904458598727
1 0.831002331002331 0.11624203821656051 0.07925407925407925 0.06369426751592357
1 0.050699300699300696 0.06687898089171974 0.05944055944055944 0.1305732484076433
1 0.38519813519813517 0.7476114649681529 0.09673659673659674 0.08121019108280254
1 0.5786713286713286 0.964968152866242 0.06876456876456877 0.054140127388535034
2 0.34032634032634035 0.08837579617834394 0.10955710955710955 0.07802547770700637
2 0.10606060606060606 0.6799363057324841 0.027972027972027972 0.08280254777070063
1 0.16375291375291376 0.46496815286624205 0.05011655011655012 0.1337579617834395
1 0.20454545454545456 0.5676751592356688 0.08275058275058275 0.06210191082802548
