2 0.6089743589743589 0.6656050955414012 0.038461538461538464 0.08280254777070063
1 0.7634032634032634 0.893312101910828 0.07459207459207459 0.041401273885350316
1 0.3333333333333333 0.6632165605095541 0.08158508158508158 0.06210191082802548
1 0.5227272727272727 0.19665605095541402 0.024475524475524476 0.0589171974522293
1 0.5186480186480187 0.7603503184713376 0.09557109557109557 0.06210191082802548
2 0.4772727272727273 0.303343949044586 0.05710955710955711 0.03662420382165605
2 0.9644522144522144 0.7101910828025477 0.024475524475524476 0.07006369426751592
2 0.40034965034965037 0.553343949044586 0.0337995337995338 0.07802547770700637
1 0.9184149184149184 0.47770700636942676 0.07459207459207459 0.1305732484076433
0 0.8117715617715617 0.5597133757961783 0.038461538461538464 0.08439490445859872
