1 0.8846153846153846 0.7157643312101911 0.04195804195804196 0.12579617834394904
2 0.42482517482517484 0.49522292993630573 0.026806526806526808 0.09235668789808917
1 0.7668997668997669 0.22611464968152867 0.09557109557109557 0.07006369426751592
0 0.1252913752913753 0.7555732484076433 0.09673659673659674 0.07802547770700637
2 0.6585081585081585 0.41321656050955413 0.053613053613053616 0.03662420382165605
0 0.3741258741258741 0.19745222929936307 0.08857808857808858 0.07006369426751592
1 0.2686480186480186 0.5437898089171974 0.05944055944055944 0.1321656050955414
0 0.27797202797202797 0.024681528662420384 0.07575757575757576 0.04617834394904458
1 0.5606060606060606 0.5007961783439491 0.06293706293706294 0.042993630573248405
0 0.09498834498834499 0.3320063694267516 0.0944055944055944 0.0875796178343949
