1 0.7412587412587412 0.1409235668789809 0.046620046620046623 0.06210191082802548
1 0.05128205128205128 0.37022292993630573 0.02097902097902098 0.06210191082802548
1 0.3712121212121212 0.4315286624203822 0.05011655011655012 0.1337579617834395
0 0.4568764568764569 0.3519108280254777 0.04895104895104895 0.044585987261146494
1 0.7301864801864801 0.4721337579617834 0.047785547785547784 0.06210191082802548
2 0.23776223776223776 0.5222929936305732 0.039627039627039624 0.025477707006369428
1 0.47027972027972026 0.1807324840764331 0.08275058275058275 0.07484076433121019
1 0.20454545454545456 0.6584394904458599 0.05944055944055944 0.1321656050955414
1 0.877039627039627 0.43710191082802546 0.017482517482517484 0.05573248407643312
2 0.7033799533799534 0.9251592356687898 0.038461538461538464 0.08598726114649681
