2 0.15734265734265734 0.7906050955414012 0.037296037296037296 0.08439490445859872
1 0.432983682983683 0.696656050955414 0.038461538461538464 0.02388535031847134
0 0.023310023310023312 0.8001592356687898 0.04428904428904429 0.08121019108280254
1 0.36538461538461536 0.27945859872611467 0.054778554778554776 0.09394904458598727
2 0.34673659673659674 0.6441082802547771 0.038461538461538464 0.08439490445859872
2 0.8018648018648019 0.43312101910828027 0.027972027972027972 0.08598726114649681
1 0.7202797202797203 0.08598726114649681 0.14685314685314685 0.08917197452229299
2 0.12762237762237763 0.5270700636942676 0.03146853146853147 0.08280254777070063
2 0.541958041958042 0.26671974522292996 0.030303030303030304 0.07165605095541401
1 0.5110722610722611 0.6138535031847133 0.05944055944055944 0.03662420382165605
