2 0.4493006993006993 0.09952229299363058 0.038461538461538464 0.08439490445859872
0 0.5250582750582751 0.9068471337579618 0.017482517482517484 0.052547770700636945
1 0.13286713286713286 0.678343949044586 0.0979020979020979 0.09235668789808917
1 0.5116550116550117 0.30095541401273884 0.08158508158508158 0.06050955414012739
1 0.041375291375291376 0.12818471337579618 0.06643356643356643 0.12898089171974522
1 0.9248251748251748 0.3622611464968153 0.054778554778554776 0.03343949044585987
0 0.3094405594405594 0.8654458598726115 0.05244755244755245 0.03980891719745223
1 0.5442890442890443 0.7730891719745223 0.04895104895104895 0.13535031847133758
2 0.377039627039627 0.6520700636942676 0.05710955710955711 0.04617834394904458
0 0.07517482517482517 0.7826433121019108 0.05944055944055944 0.04936305732484077
