1 0.5285547785547785 0.6839171974522293 0.03146853146853147 0.042993630573248405
1 0.8455710955710956 0.9164012738853503 0.05710955710955711 0.0589171974522293
1 0.6346153846153846 0.06289808917197452 0.03146853146853147 0.06210191082802548
1 0.946969696969697 0.910031847133758 0.05944055944055944 0.1321656050955414
2 0.5046620046620046 0.04219745222929936 0.027972027972027972 0.06847133757961783
1 0.4393939393939394 0.9808917197452229 0.037296037296037296 0.022292993630573247
1 0.479020979020979 0.8797770700636943 0.018648018648018648 0.05573248407643312
0 0.11655011655011654 0.7308917197452229 0.037296037296037296 0.08598726114649681
0 0.4825174825174825 0.2197452229299363 0.11888111888111888 0.10828025477707007
1 0.912004662004662 0.5804140127388535 0.1317016317016317 0.09076433121019108
