2 0.5052447552447552 0.3853503184713376 0.038461538461538464 0.08280254777070063
2 0.28496503496503495 0.42595541401273884 0.022144522144522144 0.06528662420382166
1 0.05827505827505827 0.6934713375796179 0.04428904428904429 0.10987261146496816
1 0.7977855477855478 0.7714968152866242 0.05944055944055944 0.1321656050955414
2 0.36480186480186483 0.35270700636942676 0.013986013986013986 0.042993630573248405
1 0.20046620046620048 0.5437898089171974 0.08158508158508158 0.06210191082802548
2 0.7715617715617715 0.5262738853503185 0.037296037296037296 0.08439490445859872
1 0.7599067599067599 0.9068471337579618 0.06526806526806526 0.042993630573248405
0 0.8117715617715617 0.6361464968152867 0.047785547785547784 0.06210191082802548
1 0.2703962703962704 0.3503184713375796 0.05128205128205128 0.044585987261146494
