2 0.44347319347319347 0.5644904458598726 0.08741258741258741 0.05573248407643312
2 0.5518648018648019 0.6409235668789809 0.045454545454545456 0.042993630573248405
0 0.8904428904428905 0.15605095541401273 0.0675990675990676 0.12738853503184713
2 0.7668997668997669 0.6711783439490446 0.046620046620046623 0.030254777070063694
1 0.7680652680652681 0.320859872611465 0.046620046620046623 0.09394904458598727
2 0.051864801864801864 0.7292993630573248 0.06876456876456877 0.04777070063694268
1 0.6317016317016317 0.04936305732484077 0.03496503496503497 0.07006369426751592
2 0.4988344988344988 0.06449044585987261 0.05827505827505827 0.03662420382165605
2 0.20163170163170163 0.2730891719745223 0.030303030303030304 0.07165605095541401
2 0.8117715617715617 0.3479299363057325 0.015151515151515152 0.042993630573248405
