1 0.7231934731934732 0.1823248407643312 0.038461538461538464 0.06847133757961783
0 0.7074592074592074 0.37977707006369427 0.04428904428904429 0.10987261146496816
1 0.12237762237762238 0.7117834394904459 0.08624708624708624 0.06369426751592357
1 0.3554778554778555 0.6568471337579618 0.03496503496503497 0.027070063694267517
2 0.011655011655011656 0.8415605095541401 0.023310023310023312 0.06528662420382166
0 0.8927738927738927 0.46496815286624205 0.04895104895104895 0.044585987261146494
1 0.8991841491841492 0.2054140127388535 0.04079254079254079 0.025477707006369428
1 0.3782051282051282 0.7746815286624203 0.04079254079254079 0.0875796178343949
1 0.8012820512820513 0.8320063694267515 0.038461538461538464 0.08439490445859872
1 0.7255244755244755 0.8240445859872612 0.06643356643356643 0.1735668789808917
