2 0.1456876456876457 0.12898089171974522 0.02564102564102564 0.07006369426751592
0 0.2768065268065268 0.7834394904458599 0.14102564102564102 0.1337579617834395
1 0.844988344988345 0.2444267515923567 0.08158508158508158 0.06210191082802548
1 0.8036130536130536 0.5636942675159236 0.05710955710955711 0.03503184713375796
1 0.8951048951048951 0.11942675159235669 0.08624708624708624 0.054140127388535034
1 0.36596736596736595 0.08598726114649681 0.04428904428904429 0.11146496815286625
2 0.6940559440559441 0.4164012738853503 0.038461538461538464 0.08439490445859872
2 0.7278554778554779 0.5740445859872612 0.054778554778554776 0.11305732484076433
1 0.3041958041958042 0.5238853503184714 0.09557109557109557 0.05732484076433121
2 0.5885780885780886 0.7563694267515924 0.05827505827505827 0.03821656050955414
