1 0.4627039627039627 0.49044585987261147 0.09557109557109557 0.07006369426751592
1 0.17249417249417248 0.07085987261146497 0.053613053613053616 0.04617834394904458
1 0.12412587412587413 0.13853503184713375 0.08741258741258741 0.05732484076433121
1 0.09673659673659674 0.6743630573248408 0.09557109557109557 0.06210191082802548
1 0.412004662004662 0.3073248407643312 0.05944055944055944 0.1305732484076433
1 0.7290209790209791 0.12818471337579618 0.08508158508158509 0.0875796178343949
1 0.7709790209790209 0.26990445859872614 0.05944055944055944 0.1321656050955414
0 0.17424242424242425 0.6759554140127388 0.04312354312354312 0.09076433121019108
1 0.2762237762237762 0.2754777070063694 0.04428904428904429 0.12738853503184713
2 0.168997668997669 0.9195859872611465 0.0675990675990676 0.04617834394904458
