0 0.9574592074592074 0.7523885350318471 0.0641025641025641 0.12579617834394904
1 0.04020979020979021 0.6234076433121019 0.06643356643356643 0.06528662420382166
0 0.6806526806526807 0.18869426751592358 0.03263403263403263 0.07802547770700637
2 0.7837995337995338 0.3144904458598726 0.03146853146853147 0.07802547770700637
1 0.10780885780885781 0.06449044585987261 0.04079254079254079 0.02388535031847134
1 0.29603729603729606 0.6027070063694268 0.053613053613053616 0.04617834394904458
1 0.44638694638694637 0.392515923566879 0.11421911421911422 0.06847133757961783
1 0.7517482517482518 0.45302547770700635 0.06526806526806526 0.042993630573248405
1 0.15792540792540793 0.47929936305732485 0.029137529137529136 0.09235668789808917
2 0.8513986013986014 0.5087579617834395 0.07109557109557109 0.04617834394904458
