2 0.7406759906759907 0.18471337579617833 0.017482517482517484 0.050955414012738856
1 0.11188811188811189 0.4896496815286624 0.027972027972027972 0.07802547770700637
1 0.21328671328671328 0.14251592356687898 0.06526806526806526 0.042993630573248405
1 0.04603729603729604 0.5668789808917197 0.04079254079254079 0.025477707006369428
0 0.3537296037296037 0.046974522292993634 0.06876456876456877 0.06210191082802548
0 0.668997668997669 0.3622611464968153 0.05128205128205128 0.08121019108280254
1 0.5541958041958042 0.8519108280254777 0.09207459207459208 0.05732484076433121
2 0.9125874125874126 0.05732484076433121 0.07459207459207459 0.050955414012738856
1 0.08566433566433566 0.8312101910828026 0.05944055944055944 0.1305732484076433
1 0.5244755244755245 0.9498407643312102 0.055944055944055944 0.10031847133757962
