2 0.30244755244755245 0.8439490445859873 0.038461538461538464 0.08280254777070063
1 0.553030303030303 0.31210191082802546 0.05011655011655012 0.1337579617834395
1 0.8898601398601399 0.17993630573248406 0.03146853146853147 0.09235668789808917
0 0.5215617715617715 0.8065286624203821 0.05710955710955711 0.12261146496815287
1 0.11771561771561771 0.8121019108280255 0.018648018648018648 0.054140127388535034
1 0.20804195804195805 0.20222929936305734 0.05944055944055944 0.1305732484076433
1 0.8106060606060606 0.3447452229299363 0.054778554778554776 0.11305732484076433
2 0.6602564102564102 0.5859872611464968 0.07342657342657342 0.050955414012738856
2 0.14160839160839161 0.8702229299363057 0.017482517482517484 0.04936305732484077
0 0.046620046620046623 0.23964968152866242 0.09090909090909091 0.18312101910828024
