1 0.2698135198135198 0.40605095541401276 0.05944055944055944 0.03821656050955414
1 0.2261072261072261 0.32722929936305734 0.06526806526806526 0.042993630573248405
2 0.43997668997669 0.8097133757961783 0.0337995337995338 0.07802547770700637
0 0.6847319347319347 0.7269108280254777 0.0337995337995338 0.08121019108280254
1 0.10431235431235432 0.2125796178343949 0.04312354312354312 0.12261146496815287
1 0.912004662004662 0.9601910828025477 0.05710955710955711 0.044585987261146494
2 0.02564102564102564 0.06289808917197452 0.027972027972027972 0.07484076433121019
2 0.15268065268065267 0.8797770700636943 0.053613053613053616 0.042993630573248405
2 0.13344988344988346 0.6942675159235668 0.017482517482517484 0.044585987261146494
1 0.9504662004662005 0.10191082802547771 0.03146853146853147 0.09235668789808917
