1 0.5145687645687645 0.28105095541401276 0.06177156177156177 0.03980891719745223
1 0.7301864801864801 0.9195859872611465 0.08741258741258741 0.07484076433121019
0 0.7645687645687645 0.4195859872611465 0.07692307692307693 0.04617834394904458
1 0.3111888111888112 0.31210191082802546 0.06060606060606061 0.041401273885350316
1 0.09731934731934731 0.05573248407643312 0.1386946386946387 0.09872611464968153
1 0.49475524475524474 0.9124203821656051 0.05710955710955711 0.03503184713375796
2 0.37004662004662003 0.08837579617834394 0.0337995337995338 0.07165605095541401
2 0.5233100233100233 0.06847133757961783 0.027972027972027972 0.08598726114649681
1 0.27797202797202797 0.8439490445859873 0.045454545454545456 0.10828025477707007
2 0.16724941724941725 0.39490445859872614 0.05011655011655012 0.03821656050955414
