1 0.4959207459207459 0.7874203821656051 0.06177156177156177 0.12898089171974522
1 0.828088578088578 0.7133757961783439 0.06643356643356643 0.06369426751592357
2 0.18414918414918416 0.9657643312101911 0.08624708624708624 0.052547770700636945
1 0.784965034965035 0.6472929936305732 0.05710955710955711 0.0589171974522293
2 0.960955710955711 0.9681528662420382 0.06876456876456877 0.044585987261146494
1 0.8473193473193473 0.09235668789808917 0.04895104895104895 0.044585987261146494
1 0.7441724941724942 0.2531847133757962 0.022144522144522144 0.07006369426751592
2 0.5996503496503497 0.803343949044586 0.05944055944055944 0.052547770700636945
1 0.15326340326340326 0.8240445859872612 0.05710955710955711 0.052547770700636945
2 0.8484848484848485 0.4004777070063694 0.06060606060606061 0.052547770700636945
