1 0.6567599067599068 0.6918789808917197 0.05944055944055944 0.1321656050955414
1 0.20163170163170163 0.4036624203821656 0.027972027972027972 0.08121019108280254
1 0.6031468531468531 0.3535031847133758 0.022144522144522144 0.07006369426751592
1 0.8560606060606061 0.5342356687898089 0.05944055944055944 0.1321656050955414
1 0.055944055944055944 0.3335987261146497 0.013986013986013986 0.02388535031847134
2 0.29603729603729606 0.29697452229299365 0.027972027972027972 0.06847133757961783
2 0.46911421911421913 0.3431528662420382 0.038461538461538464 0.08439490445859872
0 0.18298368298368298 0.7269108280254777 0.027972027972027972 0.0589171974522293
0 0.9248251748251748 0.8949044585987261 0.03613053613053613 0.08598726114649681
1 0.8001165501165501 0.8829617834394905 0.026806526806526808 0.08439490445859872
