1 0.4224941724941725 0.928343949044586 0.05011655011655012 0.1305732484076433
2 0.263986013986014 0.4482484076433121 0.029137529137529136 0.07802547770700637
1 0.22494172494172493 0.7730891719745223 0.039627039627039624 0.027070063694267517
2 0.5944055944055944 0.7627388535031847 0.06060606060606061 0.041401273885350316
0 0.3385780885780886 0.22531847133757962 0.04312354312354312 0.12261146496815287
1 0.5868298368298368 0.37977707006369427 0.05944055944055944 0.1321656050955414
1 0.6655011655011654 0.8869426751592356 0.07692307692307693 0.06687898089171974
1 0.3473193473193473 0.5461783439490446 0.13752913752913754 0.11464968152866242
1 0.47202797202797203 0.9745222929936306 0.037296037296037296 0.022292993630573247
1 0.47144522144522144 0.4164012738853503 0.017482517482517484 0.052547770700636945
