1 0.06701631701631702 0.4872611464968153 0.047785547785547784 0.028662420382165606
0 0.4627039627039627 0.6632165605095541 0.04895104895104895 0.042993630573248405
0 0.17482517482517482 0.6767515923566879 0.05128205128205128 0.04777070063694268
1 0.3356643356643357 0.572452229299363 0.013986013986013986 0.08121019108280254
1 0.502913752913753 0.9570063694267515 0.0337995337995338 0.022292993630573247
0 0.34324009324009325 0.1767515923566879 0.05944055944055944 0.05732484076433121
0 0.7196969696969697 0.33678343949044587 0.0337995337995338 0.07165605095541401
1 0.49067599067599066 0.16162420382165604 0.08158508158508158 0.06210191082802548
1 0.9312354312354313 0.4697452229299363 0.09090909090909091 0.05732484076433121
1 0.13694638694638694 0.9657643312101911 0.07109557109557109 0.06210191082802548
