1 0.2465034965034965 0.3320063694267516 0.03146853146853147 0.08439490445859872
1 0.9085081585081585 0.8805732484076433 0.0641025641025641 0.04777070063694268
0 0.4125874125874126 0.0963375796178344 0.06993006993006994 0.05573248407643312
0 0.13344988344988346 0.6878980891719745 0.05011655011655012 0.04777070063694268
2 0.418997668997669 0.7356687898089171 0.038461538461538464 0.08280254777070063
1 0.8333333333333334 0.2157643312101911 0.08158508158508158 0.06210191082802548
1 0.5524475524475524 0.17595541401273884 0.09090909090909091 0.07802547770700637
1 0.17832167832167833 0.5772292993630573 0.04428904428904429 0.12579617834394904
1 0.44405594405594406 0.5644904458598726 0.018648018648018648 0.05573248407643312
1 0.8636363636363636 0.8009554140127388 0.018648018648018648 0.054140127388535034
