2 0.5017482517482518 0.928343949044586 0.06177156177156177 0.050955414012738856
1 0.24825174825174826 0.7078025477707006 0.05827505827505827 0.03662420382165605
1 0.2266899766899767 0.4498407643312102 0.029137529137529136 0.08121019108280254
2 0.022144522144522144 0.06767515923566879 0.02564102564102564 0.07484076433121019
2 0.5134032634032634 0.1695859872611465 0.06177156177156177 0.052547770700636945
0 0.10722610722610723 0.6162420382165605 0.0675990675990676 0.06369426751592357
1 0.6474358974358975 0.6528662420382165 0.045454545454545456 0.028662420382165606
1 0.8513986013986014 0.8535031847133758 0.05944055944055944 0.1305732484076433
1 0.960955710955711 0.9036624203821656 0.05944055944055944 0.1321656050955414
2 0.6404428904428905 0.04378980891719745 0.05944055944055944 0.052547770700636945
