1 0.8117715617715617 0.1695859872611465 0.03146853146853147 0.06210191082802548
0 0.27797202797202797 0.7292993630573248 0.038461538461538464 0.08598726114649681
2 0.8869463869463869 0.3718152866242038 0.037296037296037296 0.02388535031847134
1 0.6590909090909091 0.06130573248407643 0.029137529137529136 0.08439490445859872
1 0.8723776223776224 0.15445859872611464 0.019813519813519812 0.05732484076433121
2 0.7593240093240093 0.8527070063694268 0.026806526806526808 0.08439490445859872
0 0.5052447552447552 0.4124203821656051 0.05944055944055944 0.04777070063694268
2 0.967948717948718 0.3089171974522293 0.038461538461538464 0.025477707006369428
2 0.5180652680652681 0.2714968152866242 0.054778554778554776 0.11305732484076433
1 0.6346153846153846 0.947452229299363 0.029137529137529136 0.06369426751592357
