0 0.8869463869463869 0.43869426751592355 0.0979020979020979 0.0875796178343949
2 0.5378787878787878 0.05652866242038217 0.06177156177156177 0.052547770700636945
2 0.31876456876456877 0.7093949044585988 0.019813519813519812 0.0589171974522293
1 0.8082750582750583 0.9506369426751592 0.1386946386946387 0.09872611464968153
2 0.3537296037296037 0.46496815286624205 0.03146853146853147 0.07961783439490445
1 0.7826340326340326 0.12738853503184713 0.03613053613053613 0.0732484076433121
2 0.24184149184149184 0.26831210191082805 0.12937062937062938 0.09394904458598727
2 0.6247086247086248 0.4769108280254777 0.046620046620046623 0.030254777070063694
2 0.41025641025641024 0.3160828025477707 0.039627039627039624 0.08121019108280254
2 0.4458041958041958 0.5310509554140127 0.06177156177156177 0.052547770700636945
