0 0.9411421911421911 0.08996815286624203 0.0641025641025641 0.0589171974522293
1 0.8473193473193473 0.3646496815286624 0.037296037296037296 0.03184713375796178
0 0.42482517482517484 0.38136942675159236 0.06177156177156177 0.052547770700636945
1 0.2494172494172494 0.8439490445859873 0.03263403263403263 0.08598726114649681
0 0.8088578088578089 0.9323248407643312 0.05827505827505827 0.052547770700636945
2 0.9376456876456877 0.2444267515923567 0.022144522144522144 0.06528662420382166
1 0.8904428904428905 0.2714968152866242 0.05128205128205128 0.11942675159235669
1 0.7406759906759907 0.2412420382165605 0.029137529137529136 0.08121019108280254
1 0.4562937062937063 0.16401273885350318 0.04312354312354312 0.11464968152866242
2 0.8467365967365967 0.07006369426751592 0.024475524475524476 0.06687898089171974
