0 0.504079254079254 0.9331210191082803 0.06177156177156177 0.050955414012738856
2 0.5402097902097902 0.5652866242038217 0.06177156177156177 0.050955414012738856
1 0.5705128205128205 0.7253184713375797 0.09207459207459208 0.07802547770700637
1 0.87995337995338 0.08121019108280254 0.08391608391608392 0.050955414012738856
1 0.7062937062937062 0.8542993630573248 0.05128205128205128 0.11942675159235669
1 0.8986013986013986 0.7714968152866242 0.05827505827505827 0.04617834394904458
1 0.31876456876456877 0.5676751592356688 0.054778554778554776 0.11305732484076433
0 0.057692307692307696 0.44028662420382164 0.09673659673659674 0.17993630573248406
2 0.3071095571095571 0.29856687898089174 0.038461538461538464 0.08121019108280254
1 0.8403263403263403 0.9195859872611465 0.04428904428904429 0.08121019108280254
