2 0.8257575757575758 0.2906050955414013 0.05244755244755245 0.03980891719745223
1 0.921911421911422 0.2587579617834395 0.04428904428904429 0.1321656050955414
1 0.16142191142191142 0.3232484076433121 0.029137529137529136 0.06369426751592357
2 0.30011655011655014 0.8773885350318471 0.0337995337995338 0.07643312101910828
0 0.3881118881118881 0.2515923566878981 0.0675990675990676 0.06369426751592357
0 0.7016317016317016 0.0963375796178344 0.030303030303030304 0.07165605095541401
2 0.40034965034965037 0.42595541401273884 0.05944055944055944 0.04617834394904458
0 0.31993006993006995 0.16719745222929935 0.05944055944055944 0.05732484076433121
2 0.08916083916083917 0.6592356687898089 0.019813519813519812 0.050955414012738856
1 0.8076923076923077 0.9482484076433121 0.046620046620046623 0.0875796178343949
