1 0.38752913752913754 0.22770700636942676 0.05710955710955711 0.03503184713375796
1 0.789044289044289 0.429140127388535 0.04428904428904429 0.12579617834394904
0 0.168997668997669 0.4267515923566879 0.06293706293706294 0.04777070063694268
1 0.9527972027972028 0.6130573248407644 0.08741258741258741 0.07006369426751592
1 0.7511655011655012 0.7404458598726115 0.05011655011655012 0.03821656050955414
2 0.40034965034965037 0.910828025477707 0.029137529137529136 0.07961783439490445
1 0.9090909090909091 0.7085987261146497 0.018648018648018648 0.054140127388535034
2 0.34673659673659674 0.30095541401273884 0.04312354312354312 0.08598726114649681
0 0.26573426573426573 0.12738853503184713 0.09557109557109557 0.09554140127388536
0 0.4195804195804196 0.5429936305732485 0.053613053613053616 0.04777070063694268
