1 0.6177156177156177 0.17993630573248406 0.046620046620046623 0.08280254777070063
1 0.13927738927738928 0.8359872611464968 0.08508158508158509 0.21337579617834396
2 0.763986013986014 0.1679936305732484 0.04079254079254079 0.027070063694267517
2 0.29953379953379955 0.7078025477707006 0.04895104895104895 0.03343949044585987
1 0.27797202797202797 0.46735668789808915 0.029137529137529136 0.08121019108280254
1 0.4586247086247086 0.06449044585987261 0.054778554778554776 0.11305732484076433
0 0.34673659673659674 0.5254777070063694 0.05011655011655012 0.03821656050955414
1 0.2465034965034965 0.5812101910828026 0.08974358974358974 0.05732484076433121
2 0.5763403263403264 0.7253184713375797 0.054778554778554776 0.11305732484076433
1 0.17074592074592074 0.4753184713375796 0.022144522144522144 0.06210191082802548
