2 0.4766899766899767 0.10509554140127389 0.046620046620046623 0.041401273885350316
1 0.033216783216783216 0.10429936305732485 0.05944055944055944 0.1321656050955414
0 0.3583916083916084 0.7133757961783439 0.05244755244755245 0.03821656050955414
1 0.32634032634032634 0.08439490445859872 0.07925407925407925 0.07006369426751592
2 0.5775058275058275 0.9554140127388535 0.038461538461538464 0.08598726114649681
1 0.6328671328671329 0.9593949044585988 0.016317016317016316 0.052547770700636945
0 0.22552447552447552 0.7619426751592356 0.05710955710955711 0.12579617834394904
1 0.9038461538461539 0.6998407643312102 0.05944055944055944 0.1321656050955414
0 0.9242424242424242 0.3662420382165605 0.0675990675990676 0.12738853503184713
0 0.5868298368298368 0.1679936305732484 0.038461538461538464 0.08439490445859872
