1 0.8234265734265734 0.6042993630573248 0.054778554778554776 0.11305732484076433
2 0.6206293706293706 0.5254777070063694 0.06177156177156177 0.050955414012738856
1 0.3484848484848485 0.6154458598726115 0.04195804195804196 0.12261146496815287
2 0.17016317016317017 0.35429936305732485 0.05827505827505827 0.052547770700636945
1 0.9399766899766899 0.7977707006369427 0.08508158508158509 0.05732484076433121
1 0.7727272727272727 0.28662420382165604 0.1445221445221445 0.09872611464968153
1 0.8834498834498834 0.5278662420382165 0.05128205128205128 0.11942675159235669
2 0.42424242424242425 0.6106687898089171 0.04895104895104895 0.1321656050955414
1 0.10722610722610723 0.7492038216560509 0.09324009324009325 0.07165605095541401
2 0.8420745920745921 0.9179936305732485 0.0337995337995338 0.07802547770700637
