2 0.4201631701631702 0.9307324840764332 0.0337995337995338 0.07802547770700637
1 0.4364801864801865 0.21735668789808918 0.029137529137529136 0.08121019108280254
2 0.22202797202797203 0.589171974522293 0.054778554778554776 0.03821656050955414
1 0.4965034965034965 0.3065286624203822 0.09557109557109557 0.07802547770700637
0 0.6404428904428905 0.6377388535031847 0.05944055944055944 0.04617834394904458
1 0.6241258741258742 0.6918789808917197 0.05710955710955711 0.04617834394904458
1 0.5775058275058275 0.2890127388535032 0.017482517482517484 0.04936305732484077
1 0.1182983682983683 0.6568471337579618 0.054778554778554776 0.11305732484076433
2 0.7086247086247086 0.6664012738853503 0.030303030303030304 0.07165605095541401
2 0.8811188811188811 0.10191082802547771 0.030303030303030304 0.07961783439490445
