0 0.12995337995337997 0.33121019108280253 0.1386946386946387 0.1178343949044586
0 0.18822843822843824 0.9705414012738853 0.03146853146853147 0.042993630573248405
1 0.1684149184149184 0.6457006369426752 0.08275058275058275 0.06210191082802548
2 0.5862470862470862 0.11863057324840764 0.06060606060606061 0.052547770700636945
1 0.5168997668997669 0.45461783439490444 0.05944055944055944 0.1321656050955414
1 0.09615384615384616 0.5748407643312102 0.045454545454545456 0.11146496815286625
1 0.8024475524475524 0.8702229299363057 0.03146853146853147 0.0875796178343949
2 0.9603729603729604 0.45461783439490444 0.027972027972027972 0.06847133757961783
1 0.5932400932400932 0.23964968152866242 0.07226107226107226 0.04617834394904458
0 0.5926573426573427 0.697452229299363 0.05944055944055944 0.05732484076433121
