1 0.5384615384615384 0.5621019108280255 0.06993006993006994 0.1942675159235669
0 0.3741258741258741 0.6719745222929936 0.0675990675990676 0.12738853503184713
1 0.1456876456876457 0.6042993630573248 0.05827505827505827 0.052547770700636945
1 0.803030303030303 0.39888535031847133 0.04428904428904429 0.08121019108280254
1 0.42657342657342656 0.31130573248407645 0.055944055944055944 0.06847133757961783
1 0.19347319347319347 0.7292993630573248 0.06060606060606061 0.05732484076433121
0 0.21095571095571095 0.1178343949044586 0.030303030303030304 0.06050955414012739
1 0.3991841491841492 0.4036624203821656 0.017482517482517484 0.052547770700636945
2 0.3275058275058275 0.606687898089172 0.018648018648018648 0.050955414012738856
2 0.168997668997669 0.21098726114649682 0.030303030303030304 0.09713375796178345
