1 0.6433566433566433 0.7300955414012739 0.08158508158508158 0.06210191082802548
0 0.2686480186480186 0.059713375796178345 0.05244755244755245 0.03980891719745223
0 0.5448717948717948 0.9482484076433121 0.038461538461538464 0.08439490445859872
1 0.9458041958041958 0.46735668789808915 0.05710955710955711 0.03343949044585987
2 0.6252913752913752 0.3057324840764331 0.024475524475524476 0.07643312101910828
2 0.40501165501165504 0.1624203821656051 0.038461538461538464 0.08280254777070063
2 0.1655011655011655 0.3479299363057325 0.03263403263403263 0.10031847133757962
1 0.4201631701631702 0.3359872611464968 0.05944055944055944 0.1305732484076433
2 0.17832167832167833 0.48009554140127386 0.02564102564102564 0.09076433121019108
1 0.25757575757575757 0.6743630573248408 0.08391608391608392 0.17993630573248406
