1 0.10198135198135198 0.8057324840764332 0.12937062937062938 0.09235668789808917
1 0.5099067599067599 0.1751592356687898 0.029137529137529136 0.08598726114649681
2 0.6486013986013986 0.19745222929936307 0.05944055944055944 0.054140127388535034
1 0.8822843822843823 0.5828025477707006 0.02564102564102564 0.07006369426751592
1 0.41375291375291373 0.28264331210191085 0.03496503496503497 0.06847133757961783
1 0.5734265734265734 0.5007961783439491 0.027972027972027972 0.08121019108280254
1 0.058857808857808856 0.06210191082802548 0.04312354312354312 0.1178343949044586
2 0.6777389277389277 0.49761146496815284 0.015151515151515152 0.03980891719745223
1 0.7255244755244755 0.9076433121019108 0.08974358974358974 0.054140127388535034
1 0.777972027972028 0.4251592356687898 0.05944055944055944 0.1305732484076433
