0 0.4621212121212121 0.06926751592356688 0.054778554778554776 0.042993630573248405
1 0.11188811188811189 0.09076433121019108 0.04195804195804196 0.025477707006369428
0 0.32517482517482516 0.945859872611465 0.06993006993006994 0.06369426751592357
2 0.8642191142191142 0.4625796178343949 0.038461538461538464 0.08439490445859872
1 0.6386946386946387 0.1695859872611465 0.05128205128205128 0.11942675159235669
0 0.803030303030303 0.6711783439490446 0.027972027972027972 0.08121019108280254
0 0.9702797202797203 0.9060509554140127 0.029137529137529136 0.07961783439490445
2 0.9155011655011654 0.8288216560509554 0.05710955710955711 0.04936305732484077
0 0.2907925407925408 0.6218152866242038 0.03146853146853147 0.07484076433121019
1 0.6934731934731935 0.5605095541401274 0.13053613053613053 0.09872611464968153
