1 0.2331002331002331 0.731687898089172 0.027972027972027972 0.08121019108280254
0 0.6171328671328671 0.76671974522293 0.07575757575757576 0.04617834394904458
0 0.4085081585081585 0.7070063694267515 0.10139860139860139 0.08280254777070063
1 0.7301864801864801 0.2818471337579618 0.017482517482517484 0.054140127388535034
2 0.3245920745920746 0.5740445859872612 0.038461538461538464 0.08121019108280254
1 0.8199300699300699 0.43471337579617836 0.03146853146853147 0.08917197452229299
1 0.4353146853146853 0.21019108280254778 0.017482517482517484 0.054140127388535034
2 0.7651515151515151 0.07006369426751592 0.03146853146853147 0.07961783439490445
1 0.48776223776223776 0.60828025477707 0.06177156177156177 0.050955414012738856
0 0.2634032634032634 0.24203821656050956 0.1048951048951049 0.18471337579617833
