0 0.5384615384615384 0.08996815286624203 0.05827505827505827 0.07484076433121019
1 0.8210955710955711 0.4593949044585987 0.026806526806526808 0.08439490445859872
1 0.243006993006993 0.2587579617834395 0.045454545454545456 0.09076433121019108
1 0.28205128205128205 0.17038216560509553 0.08624708624708624 0.06369426751592357
1 0.4621212121212121 0.7412420382165605 0.04312354312354312 0.1035031847133758
1 0.5874125874125874 0.5151273885350318 0.09557109557109557 0.08121019108280254
2 0.4184149184149184 0.8519108280254777 0.07226107226107226 0.044585987261146494
1 0.4807692307692308 0.572452229299363 0.017482517482517484 0.04936305732484077
1 0.7412587412587412 0.8821656050955414 0.10722610722610723 0.11464968152866242
1 0.6095571095571095 0.2014331210191083 0.05128205128205128 0.11942675159235669
