1 0.9498834498834499 0.9514331210191083 0.018648018648018648 0.05573248407643312
1 0.6701631701631702 0.5302547770700637 0.11888111888111888 0.10828025477707007
1 0.40384615384615385 0.4148089171974522 0.06177156177156177 0.03662420382165605
0 0.5297202797202797 0.39490445859872614 0.03613053613053613 0.08598726114649681
2 0.4597902097902098 0.021496815286624203 0.045454545454545456 0.042993630573248405
1 0.14918414918414918 0.43312101910828027 0.030303030303030304 0.07643312101910828
1 0.8461538461538461 0.8463375796178344 0.08158508158508158 0.06210191082802548
0 0.7243589743589743 0.1337579617834395 0.038461538461538464 0.08598726114649681
2 0.16083916083916083 0.553343949044586 0.05827505827505827 0.03662420382165605
1 0.9102564102564102 0.037420382165605094 0.08624708624708624 0.0589171974522293
