1 0.7913752913752914 0.5151273885350318 0.039627039627039624 0.11942675159235669
1 0.24184149184149184 0.7953821656050956 0.03146853146853147 0.0875796178343949
1 0.39044289044289043 0.39331210191082805 0.06060606060606061 0.03821656050955414
0 0.696969696969697 0.8192675159235668 0.030303030303030304 0.07165605095541401
1 0.872960372960373 0.9538216560509554 0.03263403263403263 0.07006369426751592
1 0.5075757575757576 0.9116242038216561 0.05710955710955711 0.12261146496815287
0 0.31585081585081587 0.6592356687898089 0.030303030303030304 0.06369426751592357
1 0.747086247086247 0.9044585987261147 0.0675990675990676 0.05732484076433121
0 0.5186480186480187 0.4681528662420382 0.07925407925407925 0.15286624203821655
1 0.26107226107226106 0.31687898089171973 0.030303030303030304 0.06369426751592357
