0 0.06818181818181818 0.6632165605095541 0.05944055944055944 0.04936305732484077
2 0.40501165501165504 0.2914012738853503 0.029137529137529136 0.07961783439490445
1 0.932983682983683 0.3351910828025478 0.06643356643356643 0.12898089171974522
1 0.4819347319347319 0.6871019108280255 0.0944055944055944 0.0589171974522293
0 0.9632867132867133 0.4593949044585987 0.054778554778554776 0.11305732484076433
1 0.7255244755244755 0.285828025477707 0.05944055944055944 0.1321656050955414
1 0.7727272727272727 0.8144904458598726 0.037296037296037296 0.06528662420382166
2 0.8653846153846154 0.8773885350318471 0.04312354312354312 0.08598726114649681
1 0.20862470862470864 0.7985668789808917 0.06526806526806526 0.042993630573248405
2 0.967948717948718 0.6990445859872612 0.017482517482517484 0.044585987261146494
