2 0.8945221445221445 0.4410828025477707 0.026806526806526808 0.07643312101910828
0 0.8677156177156177 0.5461783439490446 0.04079254079254079 0.07961783439490445
1 0.46445221445221446 0.9243630573248408 0.09673659673659674 0.08121019108280254
1 0.5728438228438228 0.9084394904458599 0.05944055944055944 0.1321656050955414
1 0.2803030303030303 0.4179936305732484 0.05944055944055944 0.1321656050955414
1 0.6008158508158508 0.11226114649681529 0.13403263403263405 0.0875796178343949
2 0.9230769230769231 0.6472929936305732 0.030303030303030304 0.07165605095541401
0 0.16666666666666666 0.26512738853503187 0.09090909090909091 0.07802547770700637
2 0.9382284382284383 0.04777070063694268 0.03263403263403263 0.08280254777070063
1 0.8234265734265734 0.13614649681528662 0.03146853146853147 0.08121019108280254
