1 0.3409090909090909 0.820859872611465 0.1386946386946387 0.09713375796178345
1 0.7313519813519813 0.6679936305732485 0.026806526806526808 0.08439490445859872
0 0.9300699300699301 0.35987261146496813 0.06993006993006994 0.054140127388535034
1 0.5466200466200466 0.8343949044585988 0.04428904428904429 0.10828025477707007
1 0.1858974358974359 0.5859872611464968 0.05944055944055944 0.1305732484076433
0 0.2057109557109557 0.3606687898089172 0.03146853146853147 0.042993630573248405
0 0.8362470862470862 0.33996815286624205 0.09906759906759907 0.07802547770700637
2 0.47494172494172493 0.14729299363057324 0.0337995337995338 0.07802547770700637
2 0.4353146853146853 0.7133757961783439 0.05011655011655012 0.03821656050955414
0 0.6555944055944056 0.3503184713375796 0.0337995337995338 0.07643312101910828
