1 0.34615384615384615 0.2778662420382166 0.09557109557109557 0.06210191082802548
0 0.5151515151515151 0.6695859872611465 0.06293706293706294 0.052547770700636945
2 0.030885780885780884 0.12977707006369427 0.0337995337995338 0.07802547770700637
1 0.6095571095571095 0.9251592356687898 0.1445221445221445 0.08917197452229299
1 0.4632867132867133 0.696656050955414 0.026806526806526808 0.08121019108280254
2 0.8962703962703963 0.6178343949044586 0.06060606060606061 0.04777070063694268
2 0.12878787878787878 0.8383757961783439 0.03146853146853147 0.06210191082802548
1 0.6934731934731935 0.697452229299363 0.016317016317016316 0.054140127388535034
1 0.8327505827505828 0.046974522292993634 0.09207459207459208 0.06528662420382166
1 0.22552447552447552 0.553343949044586 0.05710955710955711 0.03662420382165605
