1 0.19055944055944055 0.5907643312101911 0.0641025641025641 0.041401273885350316
1 0.7546620046620046 0.6329617834394905 0.08275058275058275 0.07484076433121019
2 0.8537296037296037 0.8065286624203821 0.0337995337995338 0.1035031847133758
0 0.31585081585081587 0.5390127388535032 0.04428904428904429 0.09394904458598727
0 0.06993006993006994 0.320859872611465 0.06293706293706294 0.052547770700636945
0 0.06585081585081586 0.6998407643312102 0.019813519813519812 0.05573248407643312
1 0.784965034965035 0.14012738853503184 0.09906759906759907 0.08917197452229299
1 0.7482517482517482 0.5127388535031847 0.09557109557109557 0.07006369426751592
1 0.5326340326340326 0.12898089171974522 0.016317016317016316 0.054140127388535034
1 0.317016317016317 0.1735668789808917 0.09090909090909091 0.05732484076433121
