2 0.4026806526806527 0.3622611464968153 0.045454545454545456 0.042993630573248405
1 0.16783216783216784 0.892515923566879 0.08624708624708624 0.05573248407643312
1 0.155011655011655 0.39570063694267515 0.04428904428904429 0.12579617834394904
1 0.9673659673659674 0.8861464968152867 0.05128205128205128 0.11942675159235669
2 0.28205128205128205 0.696656050955414 0.027972027972027972 0.06847133757961783
1 0.5664335664335665 0.7834394904458599 0.018648018648018648 0.054140127388535034
0 0.31585081585081587 0.7699044585987261 0.06060606060606061 0.06528662420382166
2 0.07284382284382285 0.8734076433121019 0.05244755244755245 0.13535031847133758
1 0.7832167832167832 0.36942675159235666 0.027972027972027972 0.06050955414012739
0 0.32342657342657344 0.22452229299363058 0.05244755244755245 0.044585987261146494
