0 0.3071095571095571 0.7619426751592356 0.05710955710955711 0.12261146496815287
1 0.11305361305361306 0.29697452229299365 0.08624708624708624 0.19585987261146498
1 0.4527972027972028 0.6648089171974523 0.0641025641025641 0.03980891719745223
1 0.6462703962703963 0.3479299363057325 0.04312354312354312 0.12261146496815287
0 0.3076923076923077 0.2515923566878981 0.08158508158508158 0.08917197452229299
1 0.5198135198135199 0.9394904458598726 0.02564102564102564 0.06687898089171974
2 0.3997668997668998 0.4171974522292994 0.08391608391608392 0.05732484076433121
2 0.40326340326340326 0.7603503184713376 0.037296037296037296 0.08439490445859872
1 0.34032634032634035 0.5214968152866242 0.030303030303030304 0.08121019108280254
1 0.27855477855477856 0.9211783439490446 0.09557109557109557 0.06210191082802548
