1 0.9545454545454546 0.13455414012738853 0.08624708624708624 0.21178343949044587
1 0.2534965034965035 0.28423566878980894 0.05944055944055944 0.1321656050955414
1 0.4807692307692308 0.9490445859872612 0.0641025641025641 0.041401273885350316
0 0.21678321678321677 0.7213375796178344 0.03496503496503497 0.07006369426751592
1 0.29895104895104896 0.5828025477707006 0.13403263403263405 0.09872611464968153
0 0.3945221445221445 0.8272292993630573 0.05710955710955711 0.052547770700636945
1 0.31876456876456877 0.18869426751592358 0.05944055944055944 0.1321656050955414
1 0.38053613053613056 0.6122611464968153 0.026806526806526808 0.08121019108280254
1 0.4772727272727273 0.7300955414012739 0.05944055944055944 0.1321656050955414
0 0.6923076923076923 0.43312101910828027 0.06293706293706294 0.050955414012738856
