2 0.5903263403263403 0.6759554140127388 0.038461538461538464 0.08439490445859872
1 0.8304195804195804 0.5883757961783439 0.08275058275058275 0.07484076433121019
1 0.5629370629370629 0.4681528662420382 0.016317016317016316 0.050955414012738856
1 0.1381118881118881 0.5015923566878981 0.03146853146853147 0.08917197452229299
2 0.6858974358974359 0.8813694267515924 0.05944055944055944 0.052547770700636945
2 0.06934731934731934 0.714171974522293 0.015151515151515152 0.03980891719745223
1 0.6853146853146853 0.3304140127388535 0.037296037296037296 0.1035031847133758
2 0.38752913752913754 0.08837579617834394 0.029137529137529136 0.07802547770700637
0 0.2744755244755245 0.6027070063694268 0.0337995337995338 0.08121019108280254
1 0.7162004662004662 0.679140127388535 0.09207459207459208 0.06528662420382166
