2 0.4289044289044289 0.8885350318471338 0.04195804195804196 0.10509554140127389
1 0.15034965034965034 0.5302547770700637 0.03263403263403263 0.07006369426751592
1 0.7581585081585082 0.5501592356687898 0.06876456876456877 0.04617834394904458
1 0.7721445221445221 0.4164012738853503 0.05944055944055944 0.03980891719745223
1 0.2878787878787879 0.5915605095541401 0.08158508158508158 0.06210191082802548
1 0.6940559440559441 0.7531847133757962 0.13636363636363635 0.09235668789808917
2 0.9376456876456877 0.47770700636942676 0.029137529137529136 0.0732484076433121
1 0.5396270396270396 0.7300955414012739 0.046620046620046623 0.11305732484076433
1 0.2837995337995338 0.23487261146496816 0.05944055944055944 0.1321656050955414
0 0.696969696969697 0.3519108280254777 0.04895104895104895 0.10509554140127389
