0 0.8782051282051282 0.7030254777070064 0.06876456876456877 0.05573248407643312
0 0.6456876456876457 0.6019108280254777 0.037296037296037296 0.10191082802547771
0 0.585081585081585 0.14171974522292993 0.055944055944055944 0.050955414012738856
0 0.3117715617715618 0.45143312101910826 0.038461538461538464 0.030254777070063694
2 0.7494172494172494 0.9593949044585988 0.030303030303030304 0.07165605095541401
2 0.6555944055944056 0.8781847133757962 0.03146853146853147 0.10031847133757962
1 0.026223776223776224 0.8614649681528662 0.038461538461538464 0.11146496815286625
0 0.7348484848484849 0.4864649681528662 0.06643356643356643 0.06847133757961783
1 0.7744755244755245 0.5987261146496815 0.05944055944055944 0.1305732484076433
2 0.5547785547785548 0.8152866242038217 0.0675990675990676 0.044585987261146494
