2 0.13344988344988346 0.8415605095541401 0.054778554778554776 0.11305732484076433
0 0.5075757575757576 0.6321656050955414 0.10839160839160839 0.11146496815286625
1 0.8432400932400932 0.5382165605095541 0.05944055944055944 0.1305732484076433
0 0.6771561771561772 0.09872611464968153 0.06993006993006994 0.054140127388535034
1 0.6818181818181818 0.7977707006369427 0.04895104895104895 0.10191082802547771
0 0.26165501165501165 0.49920382165605093 0.0944055944055944 0.0875796178343949
1 0.46853146853146854 0.4538216560509554 0.053613053613053616 0.05732484076433121
1 0.418997668997669 0.6863057324840764 0.03146853146853147 0.07006369426751592
0 0.7692307692307693 0.8375796178343949 0.037296037296037296 0.08598726114649681
2 0.916083916083916 0.24920382165605096 0.06060606060606061 0.03980891719745223
