1 0.14627039627039626 0.36942675159235666 0.029137529137529136 0.08280254777070063
1 0.7896270396270396 0.4585987261146497 0.06643356643356643 0.044585987261146494
0 0.47785547785547783 0.8121019108280255 0.06993006993006994 0.054140127388535034
0 0.13111888111888112 0.10668789808917198 0.09673659673659674 0.09554140127388536
0 0.6130536130536131 0.1106687898089172 0.027972027972027972 0.08121019108280254
2 0.15326340326340326 0.2269108280254777 0.06177156177156177 0.052547770700636945
0 0.7214452214452215 0.6823248407643312 0.0675990675990676 0.06528662420382166
1 0.4696969696969697 0.7300955414012739 0.055944055944055944 0.10031847133757962
2 0.40034965034965037 0.7611464968152867 0.06177156177156177 0.04777070063694268
0 0.5425407925407926 0.2786624203821656 0.038461538461538464 0.08598726114649681
