2 0.7389277389277389 0.9625796178343949 0.027972027972027972 0.06847133757961783
0 0.5518648018648019 0.9020700636942676 0.09906759906759907 0.1035031847133758
0 0.7587412587412588 0.6146496815286624 0.0675990675990676 0.04777070063694268
0 0.13053613053613053 0.9339171974522293 0.06293706293706294 0.052547770700636945
1 0.44522144522144524 0.22929936305732485 0.018648018648018648 0.054140127388535034
1 0.5151515151515151 0.2412420382165605 0.08158508158508158 0.06210191082802548
1 0.8467365967365967 0.4864649681528662 0.03146853146853147 0.0875796178343949
1 0.06993006993006994 0.8598726114649682 0.039627039627039624 0.10509554140127389
0 0.31876456876456877 0.9371019108280255 0.05244755244755245 0.0875796178343949
1 0.3368298368298368 0.5748407643312102 0.046620046620046623 0.028662420382165606
