0 0.9487179487179487 0.2269108280254777 0.03263403263403263 0.08121019108280254
1 0.3945221445221445 0.42356687898089174 0.019813519813519812 0.05732484076433121
2 0.05419580419580419 0.732484076433121 0.024475524475524476 0.07006369426751592
1 0.07284382284382285 0.2571656050955414 0.017482517482517484 0.052547770700636945
2 0.46561771561771564 0.4195859872611465 0.05944055944055944 0.052547770700636945
1 0.5303030303030303 0.3893312101910828 0.037296037296037296 0.06528662420382166
1 0.6322843822843823 0.6122611464968153 0.09207459207459208 0.06210191082802548
1 0.46445221445221446 0.678343949044586 0.06876456876456877 0.1910828025477707
2 0.36421911421911424 0.8113057324840764 0.05944055944055944 0.04617834394904458
1 0.3135198135198135 0.6871019108280255 0.08624708624708624 0.06210191082802548
