2 0.7977855477855478 0.07563694267515923 0.08041958041958042 0.052547770700636945
1 0.23368298368298368 0.3288216560509554 0.09673659673659674 0.08121019108280254
0 0.26456876456876455 0.8734076433121019 0.09557109557109557 0.09076433121019108
2 0.8094405594405595 0.9386942675159236 0.0337995337995338 0.09394904458598727
1 0.5495337995337995 0.13535031847133758 0.08974358974358974 0.054140127388535034
1 0.5198135198135199 0.29378980891719747 0.04195804195804196 0.030254777070063694
2 0.13752913752913754 0.8654458598726115 0.039627039627039624 0.08121019108280254
0 0.36363636363636365 0.45143312101910826 0.0675990675990676 0.15764331210191082
0 0.9201631701631702 0.8821656050955414 0.06876456876456877 0.054140127388535034
2 0.43997668997669 0.7205414012738853 0.017482517482517484 0.04936305732484077
