2 0.36013986013986016 0.21735668789808918 0.053613053613053616 0.03662420382165605
1 0.9475524475524476 0.8296178343949044 0.05827505827505827 0.03821656050955414
1 0.6451048951048951 0.8407643312101911 0.05944055944055944 0.1305732484076433
2 0.8525641025641025 0.7587579617834395 0.05944055944055944 0.052547770700636945
1 0.5716783216783217 0.7587579617834395 0.03146853146853147 0.042993630573248405
2 0.11305361305361306 0.27070063694267515 0.027972027972027972 0.07643312101910828
1 0.42482517482517484 0.6918789808917197 0.08275058275058275 0.06210191082802548
1 0.2092074592074592 0.6703821656050956 0.024475524475524476 0.050955414012738856
1 0.25815850815850816 0.7802547770700637 0.09207459207459208 0.08917197452229299
1 0.6509324009324009 0.21656050955414013 0.08974358974358974 0.06050955414012739
