1 0.34207459207459207 0.34554140127388533 0.0944055944055944 0.06050955414012739
2 0.04020979020979021 0.6536624203821656 0.05244755244755245 0.03980891719745223
1 0.8228438228438228 0.03503184713375796 0.030303030303030304 0.06369426751592357
1 0.3560606060606061 0.5820063694267515 0.03146853146853147 0.0875796178343949
1 0.6223776223776224 0.08519108280254777 0.08158508158508158 0.06210191082802548
1 0.23368298368298368 0.2054140127388535 0.05944055944055944 0.1305732484076433
1 0.534965034965035 0.40923566878980894 0.018648018648018648 0.050955414012738856
1 0.18298368298368298 0.46576433121019106 0.027972027972027972 0.08439490445859872
0 0.10023310023310024 0.32245222929936307 0.09557109557109557 0.09076433121019108
2 0.023310023310023312 0.04060509554140127 0.030303030303030304 0.07165605095541401
