1 0.504079254079254 0.4593949044585987 0.03146853146853147 0.0875796178343949
0 0.8006993006993007 0.7818471337579618 0.0675990675990676 0.06050955414012739
2 0.3175990675990676 0.7547770700636943 0.0337995337995338 0.07643312101910828
1 0.32925407925407923 0.19665605095541402 0.05944055944055944 0.1321656050955414
1 0.87004662004662 0.7380573248407644 0.05944055944055944 0.1321656050955414
0 0.671911421911422 0.8702229299363057 0.09906759906759907 0.09394904458598727
1 0.715034965034965 0.5652866242038217 0.047785547785547784 0.11146496815286625
1 0.08916083916083917 0.8638535031847133 0.04079254079254079 0.02388535031847134
1 0.42365967365967366 0.8742038216560509 0.05944055944055944 0.1305732484076433
0 0.8752913752913752 0.24920382165605096 0.027972027972027972 0.06847133757961783
