1 0.9155011655011654 0.27388535031847133 0.05710955710955711 0.044585987261146494
0 0.3974358974358974 0.42436305732484075 0.04195804195804196 0.09394904458598727
2 0.07109557109557109 0.28423566878980894 0.027972027972027972 0.06847133757961783
1 0.5209790209790209 0.9020700636942676 0.013986013986013986 0.02388535031847134
1 0.6555944055944056 0.08519108280254777 0.05944055944055944 0.1321656050955414
1 0.6148018648018648 0.6170382165605095 0.08275058275058275 0.07484076433121019
1 0.8391608391608392 0.5119426751592356 0.03263403263403263 0.07802547770700637
2 0.2406759906759907 0.10111464968152867 0.0337995337995338 0.09394904458598727
0 0.9714452214452215 0.21735668789808918 0.03613053613053613 0.07484076433121019
1 0.2686480186480186 0.8176751592356688 0.04312354312354312 0.05573248407643312
