1 0.8828671328671329 0.8941082802547771 0.09673659673659674 0.08121019108280254
1 0.6579254079254079 0.33837579617834396 0.054778554778554776 0.11305732484076433
1 0.7319347319347319 0.60828025477707 0.023310023310023312 0.050955414012738856
1 0.8886946386946387 0.6703821656050956 0.12937062937062938 0.09235668789808917
1 0.4836829836829837 0.2754777070063694 0.039627039627039624 0.08280254777070063
2 0.3741258741258741 0.696656050955414 0.030303030303030304 0.07165605095541401
1 0.7826340326340326 0.5573248407643312 0.05944055944055944 0.1305732484076433
2 0.21328671328671328 0.76671974522293 0.030303030303030304 0.0875796178343949
1 0.40093240093240096 0.5310509554140127 0.09557109557109557 0.06210191082802548
1 0.10256410256410256 0.12898089171974522 0.08624708624708624 0.06369426751592357
