0 0.5203962703962703 0.695859872611465 0.0337995337995338 0.07961783439490445
0 0.2837995337995338 0.21178343949044587 0.0337995337995338 0.050955414012738856
1 0.9376456876456877 0.6011146496815286 0.06177156177156177 0.03980891719745223
0 0.6427738927738927 0.7197452229299363 0.038461538461538464 0.08598726114649681
1 0.8537296037296037 0.3495222929936306 0.1386946386946387 0.09713375796178345
1 0.26282051282051283 0.4880573248407643 0.05944055944055944 0.04617834394904458
1 0.4195804195804196 0.7380573248407644 0.04428904428904429 0.1321656050955414
1 0.6742424242424242 0.9402866242038217 0.029137529137529136 0.08121019108280254
1 0.46445221445221446 0.4498407643312102 0.05944055944055944 0.1321656050955414
1 0.08158508158508158 0.06210191082802548 0.13986013986013987 0.09554140127388536
