0 0.9749417249417249 0.5660828025477707 0.026806526806526808 0.06847133757961783
1 0.8018648018648019 0.19028662420382167 0.08158508158508158 0.06210191082802548
2 0.43006993006993005 0.2484076433121019 0.06060606060606061 0.1178343949044586
0 0.1351981351981352 0.9578025477707006 0.06526806526806526 0.04617834394904458
0 0.3537296037296037 0.6584394904458599 0.04079254079254079 0.09394904458598727
1 0.22202797202797203 0.8765923566878981 0.04312354312354312 0.12261146496815287
2 0.546037296037296 0.6011146496815286 0.08275058275058275 0.07484076433121019
0 0.29895104895104896 0.6106687898089171 0.03146853146853147 0.06210191082802548
0 0.49533799533799533 0.9442675159235668 0.03496503496503497 0.07006369426751592
0 0.14801864801864803 0.4554140127388535 0.053613053613053616 0.04777070063694268
