1 0.8496503496503497 0.5429936305732485 0.08158508158508158 0.06050955414012739
1 0.12995337995337997 0.714171974522293 0.054778554778554776 0.11305732484076433
1 0.7173659673659674 0.5 0.14102564102564102 0.1337579617834395
0 0.5541958041958042 0.8168789808917197 0.038461538461538464 0.08280254777070063
1 0.4696969696969697 0.3487261146496815 0.030303030303030304 0.06369426751592357
0 0.9009324009324009 0.19506369426751594 0.030303030303030304 0.03980891719745223
0 0.664918414918415 0.7834394904458599 0.08275058275058275 0.17834394904458598
1 0.4364801864801865 0.8949044585987261 0.13403263403263405 0.09872611464968153
0 0.26107226107226106 0.09952229299363058 0.04895104895104895 0.04617834394904458
1 0.6824009324009324 0.9092356687898089 0.017482517482517484 0.054140127388535034
