0 0.9003496503496503 0.46576433121019106 0.045454545454545456 0.03980891719745223
0 0.7622377622377622 0.8853503184713376 0.03496503496503497 0.054140127388535034
2 0.10897435897435898 0.21098726114649682 0.029137529137529136 0.07165605095541401
1 0.8368298368298368 0.3638535031847134 0.09557109557109557 0.08121019108280254
1 0.5944055944055944 0.3535031847133758 0.039627039627039624 0.025477707006369428
1 0.08391608391608392 0.08200636942675159 0.1351981351981352 0.0875796178343949
2 0.7861305361305362 0.1735668789808917 0.024475524475524476 0.06687898089171974
2 0.1357808857808858 0.8622611464968153 0.06177156177156177 0.052547770700636945
1 0.3677156177156177 0.4355095541401274 0.09673659673659674 0.05573248407643312
1 0.5600233100233101 0.22929936305732485 0.05944055944055944 0.1305732484076433
