1 0.44405594405594406 0.046974522292993634 0.08624708624708624 0.05573248407643312
1 0.960955710955711 0.677547770700637 0.06876456876456877 0.06210191082802548
1 0.3315850815850816 0.28503184713375795 0.017482517482517484 0.054140127388535034
1 0.2663170163170163 0.6154458598726115 0.05944055944055944 0.1321656050955414
2 0.4020979020979021 0.29378980891719747 0.027972027972027972 0.06847133757961783
1 0.49009324009324007 0.18312101910828024 0.0780885780885781 0.06687898089171974
1 0.9574592074592074 0.3431528662420382 0.05944055944055944 0.1321656050955414
2 0.3974358974358974 0.8957006369426752 0.11188811188811189 0.07802547770700637
1 0.5792540792540792 0.7492038216560509 0.06060606060606061 0.04936305732484077
2 0.8962703962703963 0.8383757961783439 0.039627039627039624 0.10668789808917198
