1 0.12762237762237763 0.43710191082802546 0.024475524475524476 0.06847133757961783
1 0.37995337995337997 0.9689490445859873 0.08158508158508158 0.06210191082802548
1 0.8088578088578089 0.3200636942675159 0.13752913752913754 0.11464968152866242
1 0.3414918414918415 0.8853503184713376 0.08158508158508158 0.06050955414012739
1 0.6625874125874126 0.10668789808917198 0.05944055944055944 0.1305732484076433
0 0.4493006993006993 0.6520700636942676 0.06177156177156177 0.052547770700636945
1 0.6037296037296037 0.285828025477707 0.030303030303030304 0.0875796178343949
0 0.24825174825174826 0.6711783439490446 0.06293706293706294 0.052547770700636945
2 0.175990675990676 0.802547770700637 0.04195804195804196 0.10509554140127389
1 0.6678321678321678 0.6584394904458599 0.039627039627039624 0.02388535031847134
