0 0.5303030303030303 0.6480891719745223 0.03496503496503497 0.0732484076433121
1 0.4382284382284382 0.8001592356687898 0.08158508158508158 0.06210191082802548
1 0.8630536130536131 0.6719745222929936 0.047785547785547784 0.11146496815286625
1 0.2907925407925408 0.28105095541401276 0.05944055944055944 0.1321656050955414
1 0.7319347319347319 0.35509554140127386 0.030303030303030304 0.06369426751592357
2 0.9358974358974359 0.1520700636942675 0.02564102564102564 0.08439490445859872
1 0.5600233100233101 0.5517515923566879 0.08508158508158509 0.0589171974522293
1 0.5052447552447552 0.910031847133758 0.05944055944055944 0.1321656050955414
1 0.34382284382284384 0.3065286624203822 0.018648018648018648 0.05573248407643312
1 0.6421911421911422 0.3304140127388535 0.039627039627039624 0.02388535031847134
