0 0.10664335664335664 0.07563694267515923 0.09906759906759907 0.1035031847133758
1 0.8088578088578089 0.7563694267515924 0.1048951048951049 0.18471337579617833
1 0.9656177156177156 0.10111464968152867 0.05944055944055944 0.1321656050955414
1 0.3117715617715618 0.6815286624203821 0.054778554778554776 0.12101910828025478
2 0.0472027972027972 0.60828025477707 0.038461538461538464 0.10509554140127389
1 0.7942890442890443 0.28423566878980894 0.05944055944055944 0.1321656050955414
1 0.11538461538461539 0.4498407643312102 0.08624708624708624 0.07484076433121019
2 0.21095571095571095 0.76671974522293 0.03263403263403263 0.07165605095541401
1 0.6841491841491841 0.3718152866242038 0.08158508158508158 0.06210191082802548
0 0.06993006993006994 0.3646496815286624 0.053613053613053616 0.04777070063694268
