1 0.6824009324009324 0.518312101910828 0.015151515151515152 0.04617834394904458
2 0.3817016317016317 0.16719745222929935 0.05244755244755245 0.041401273885350316
0 0.1346153846153846 0.23168789808917198 0.03146853146853147 0.07165605095541401
2 0.6427738927738927 0.3200636942675159 0.024475524475524476 0.07006369426751592
0 0.8572261072261073 0.2197452229299363 0.05244755244755245 0.041401273885350316
1 0.3706293706293706 0.42277070063694266 0.03496503496503497 0.08439490445859872
1 0.6870629370629371 0.10509554140127389 0.05710955710955711 0.044585987261146494
2 0.7074592074592074 0.7515923566878981 0.030303030303030304 0.07006369426751592
0 0.8892773892773893 0.9068471337579618 0.04195804195804196 0.0875796178343949
0 0.8141025641025641 0.34235668789808915 0.0337995337995338 0.07961783439490445
