1 0.22494172494172493 0.9713375796178344 0.05128205128205128 0.044585987261146494
1 0.22727272727272727 0.5995222929936306 0.016317016317016316 0.052547770700636945
1 0.2663170163170163 0.8192675159235668 0.09906759906759907 0.09394904458598727
2 0.42948717948717946 0.8869426751592356 0.0337995337995338 0.07643312101910828
2 0.8012820512820513 0.6727707006369427 0.06177156177156177 0.052547770700636945
1 0.5367132867132867 0.8288216560509554 0.09673659673659674 0.08121019108280254
1 0.828088578088578 0.8304140127388535 0.05944055944055944 0.03343949044585987
1 0.736013986013986 0.5549363057324841 0.05944055944055944 0.1321656050955414
0 0.7400932400932401 0.9522292993630573 0.053613053613053616 0.04777070063694268
1 0.05536130536130536 0.6035031847133758 0.017482517482517484 0.054140127388535034
