2 0.09848484848484848 0.46337579617834396 0.05244755244755245 0.041401273885350316
0 0.3811188811188811 0.8941082802547771 0.055944055944055944 0.1035031847133758
1 0.946969696969697 0.33837579617834396 0.08741258741258741 0.07484076433121019
2 0.6532634032634033 0.7842356687898089 0.045454545454545456 0.042993630573248405
1 0.5116550116550117 0.7093949044585988 0.10955710955710955 0.0875796178343949
1 0.291958041958042 0.4753184713375796 0.05944055944055944 0.1321656050955414
0 0.34440559440559443 0.4307324840764331 0.04079254079254079 0.09394904458598727
0 0.17773892773892774 0.29936305732484075 0.06177156177156177 0.054140127388535034
1 0.28496503496503495 0.642515923566879 0.05944055944055944 0.1321656050955414
1 0.22144522144522144 0.1377388535031847 0.08624708624708624 0.07484076433121019
