1 0.8578088578088578 0.1910828025477707 0.08158508158508158 0.06050955414012739
1 0.583916083916084 0.41003184713375795 0.08158508158508158 0.06210191082802548
1 0.5792540792540792 0.17038216560509553 0.016317016317016316 0.050955414012738856
1 0.6043123543123543 0.2643312101910828 0.017482517482517484 0.050955414012738856
1 0.10139860139860139 0.1624203821656051 0.09324009324009325 0.05732484076433121
1 0.8420745920745921 0.5366242038216561 0.03613053613053613 0.08598726114649681
1 0.7756410256410257 0.4745222929936306 0.05944055944055944 0.1305732484076433
1 0.2803030303030303 0.7937898089171974 0.04312354312354312 0.12261146496815287
0 0.3741258741258741 0.8885350318471338 0.06993006993006994 0.054140127388535034
0 0.40501165501165504 0.49522292993630573 0.06643356643356643 0.06369426751592357
