1 0.8682983682983683 0.7356687898089171 0.037296037296037296 0.08280254777070063
0 0.8851981351981352 0.39570063694267515 0.03146853146853147 0.042993630573248405
2 0.3473193473193473 0.464171974522293 0.10955710955710955 0.07802547770700637
2 0.38344988344988346 0.7476114649681529 0.05827505827505827 0.03343949044585987
2 0.10372960372960373 0.679140127388535 0.030303030303030304 0.07165605095541401
1 0.4388111888111888 0.3781847133757962 0.05944055944055944 0.1321656050955414
0 0.8682983682983683 0.45222929936305734 0.053613053613053616 0.04777070063694268
0 0.7465034965034965 0.8542993630573248 0.0337995337995338 0.07165605095541401
1 0.12062937062937062 0.17436305732484075 0.0944055944055944 0.09076433121019108
1 0.8601398601398601 0.08359872611464968 0.04195804195804196 0.12261146496815287
