1 0.5163170163170163 0.5987261146496815 0.08158508158508158 0.06050955414012739
2 0.3041958041958042 0.05493630573248408 0.030303030303030304 0.07165605095541401
2 0.22552447552447552 0.9554140127388535 0.038461538461538464 0.08598726114649681
1 0.7505827505827506 0.6584394904458599 0.02564102564102564 0.06847133757961783
1 0.7721445221445221 0.45222929936305734 0.1386946386946387 0.09235668789808917
0 0.9673659673659674 0.9219745222929936 0.053613053613053616 0.04777070063694268
1 0.3717948717948718 0.32643312101910826 0.09324009324009325 0.05732484076433121
1 0.4085081585081585 0.06130573248407643 0.13403263403263405 0.0875796178343949
0 0.5815850815850816 0.2635350318471338 0.07692307692307693 0.04617834394904458
0 0.3094405594405594 0.7340764331210191 0.05011655011655012 0.03821656050955414
