1 0.9073426573426573 0.39490445859872614 0.05944055944055944 0.1305732484076433
1 0.6672494172494172 0.23646496815286625 0.05944055944055944 0.1321656050955414
1 0.2564102564102564 0.8511146496815286 0.030303030303030304 0.06210191082802548
1 0.30011655011655014 0.5907643312101911 0.1386946386946387 0.08917197452229299
2 0.49242424242424243 0.5740445859872612 0.06177156177156177 0.052547770700636945
2 0.9545454545454546 0.8367834394904459 0.046620046620046623 0.030254777070063694
2 0.5495337995337995 0.3837579617834395 0.054778554778554776 0.03821656050955414
2 0.1252913752913753 0.3447452229299363 0.038461538461538464 0.08439490445859872
0 0.24883449883449885 0.9171974522292994 0.03613053613053613 0.04777070063694268
0 0.23251748251748253 0.5095541401273885 0.06177156177156177 0.050955414012738856
