2 0.42657342657342656 0.7237261146496815 0.02564102564102564 0.07484076433121019
1 0.585081585081585 0.928343949044586 0.046620046620046623 0.1178343949044586
0 0.42657342657342656 0.35509554140127386 0.027972027972027972 0.07961783439490445
1 0.9353146853146853 0.2356687898089172 0.05944055944055944 0.1305732484076433
1 0.25466200466200467 0.2643312101910828 0.03146853146853147 0.07006369426751592
1 0.7680652680652681 0.3144904458598726 0.04428904428904429 0.08121019108280254
2 0.06876456876456877 0.4585987261146497 0.06060606060606061 0.041401273885350316
2 0.8898601398601399 0.07245222929936306 0.038461538461538464 0.08439490445859872
0 0.3414918414918415 0.5573248407643312 0.09557109557109557 0.07006369426751592
0 0.7261072261072261 0.07882165605095541 0.04195804195804196 0.0875796178343949
