1 0.8572261072261073 0.9355095541401274 0.029137529137529136 0.0875796178343949
1 0.0675990675990676 0.6544585987261147 0.06293706293706294 0.04777070063694268
1 0.26456876456876455 0.1409235668789809 0.08158508158508158 0.06210191082802548
2 0.8234265734265734 0.7221337579617835 0.03146853146853147 0.06210191082802548
1 0.6596736596736597 0.19506369426751594 0.039627039627039624 0.11942675159235669
1 0.270979020979021 0.48089171974522293 0.029137529137529136 0.08598726114649681
1 0.7674825174825175 0.054140127388535034 0.017482517482517484 0.04777070063694268
1 0.8933566433566433 0.2054140127388535 0.045454545454545456 0.10828025477707007
1 0.8210955710955711 0.5453821656050956 0.05944055944055944 0.1321656050955414
0 0.493006993006993 0.9633757961783439 0.055944055944055944 0.050955414012738856
