1 0.270979020979021 0.6377388535031847 0.026806526806526808 0.08121019108280254
0 0.5757575757575758 0.08200636942675159 0.06293706293706294 0.052547770700636945
1 0.08041958041958042 0.03343949044585987 0.016317016317016316 0.050955414012738856
0 0.17307692307692307 0.7221337579617835 0.06876456876456877 0.06210191082802548
1 0.1684149184149184 0.25398089171974525 0.0780885780885781 0.06528662420382166
0 0.41375291375291373 0.23089171974522293 0.06993006993006994 0.1337579617834395
0 0.8758741258741258 0.285828025477707 0.0641025641025641 0.04936305732484077
1 0.41375291375291373 0.3734076433121019 0.08158508158508158 0.06210191082802548
0 0.4813519813519814 0.5621019108280255 0.053613053613053616 0.04777070063694268
1 0.12237762237762238 0.9124203821656051 0.04195804195804196 0.11146496815286625
