1 0.1445221445221445 0.18789808917197454 0.05827505827505827 0.03503184713375796
2 0.8414918414918415 0.9578025477707006 0.039627039627039624 0.08121019108280254
2 0.9283216783216783 0.3495222929936306 0.0337995337995338 0.07802547770700637
0 0.4347319347319347 0.8511146496815286 0.07226107226107226 0.13535031847133758
1 0.3344988344988345 0.2531847133757962 0.018648018648018648 0.05732484076433121
1 0.9644522144522144 0.6242038216560509 0.05244755244755245 0.1464968152866242
2 0.5180652680652681 0.3622611464968153 0.03146853146853147 0.08121019108280254
1 0.6713286713286714 0.8797770700636943 0.09090909090909091 0.07802547770700637
0 0.412004662004662 0.3821656050955414 0.038461538461538464 0.03184713375796178
1 0.06934731934731934 0.12738853503184713 0.029137529137529136 0.08598726114649681
