2 0.6946386946386947 0.8558917197452229 0.030303030303030304 0.07165605095541401
0 0.9685314685314685 0.17038216560509553 0.02564102564102564 0.050955414012738856
1 0.5431235431235432 0.8694267515923567 0.08158508158508158 0.06050955414012739
0 0.09324009324009325 0.7261146496815286 0.030303030303030304 0.06050955414012739
1 0.594988344988345 0.1695859872611465 0.05944055944055944 0.04936305732484077
2 0.8420745920745921 0.3447452229299363 0.06876456876456877 0.042993630573248405
0 0.3583916083916084 0.839171974522293 0.054778554778554776 0.07961783439490445
1 0.5518648018648019 0.40843949044585987 0.029137529137529136 0.09076433121019108
2 0.7698135198135199 0.2571656050955414 0.05244755244755245 0.03980891719745223
1 0.21153846153846154 0.26671974522292996 0.03146853146853147 0.042993630573248405
