2 0.615967365967366 0.9689490445859873 0.05944055944055944 0.042993630573248405
1 0.831002331002331 0.7078025477707006 0.039627039627039624 0.02388535031847134
1 0.8123543123543123 0.5103503184713376 0.09557109557109557 0.06210191082802548
1 0.6625874125874126 0.5047770700636943 0.04079254079254079 0.025477707006369428
1 0.6241258741258742 0.1464968152866242 0.04079254079254079 0.022292993630573247
1 0.4166666666666667 0.714171974522293 0.03146853146853147 0.08121019108280254
2 0.8752913752913752 0.22770700636942676 0.06060606060606061 0.1178343949044586
2 0.9265734265734266 0.8638535031847133 0.037296037296037296 0.08439490445859872
1 0.6451048951048951 0.2786624203821656 0.05944055944055944 0.1305732484076433
1 0.5110722610722611 0.5382165605095541 0.0641025641025641 0.06369426751592357
