2 0.8245920745920746 0.5039808917197452 0.038461538461538464 0.09076433121019108
1 0.8723776223776224 0.7253184713375797 0.05710955710955711 0.0589171974522293
2 0.30536130536130535 0.3861464968152866 0.027972027972027972 0.06847133757961783
0 0.42773892773892774 0.14888535031847133 0.030303030303030304 0.07165605095541401
2 0.1853146853146853 0.3065286624203822 0.013986013986013986 0.042993630573248405
1 0.7645687645687645 0.964968152866242 0.07925407925407925 0.06369426751592357
1 0.3094405594405594 0.6496815286624203 0.06876456876456877 0.05732484076433121
0 0.3350815850815851 0.7579617834394905 0.045454545454545456 0.10828025477707007
2 0.49184149184149184 0.046974522292993634 0.05827505827505827 0.042993630573248405
1 0.12354312354312354 0.4164012738853503 0.030303030303030304 0.06210191082802548
