1 0.7196969696969697 0.44187898089171973 0.029137529137529136 0.08121019108280254
0 0.7033799533799534 0.7181528662420382 0.03613053613053613 0.08598726114649681
1 0.8263403263403264 0.5947452229299363 0.08158508158508158 0.06210191082802548
0 0.3479020979020979 0.07165605095541401 0.054778554778554776 0.12101910828025478
0 0.11946386946386946 0.7786624203821656 0.05944055944055944 0.050955414012738856
2 0.18356643356643357 0.7794585987261147 0.06876456876456877 0.042993630573248405
1 0.2564102564102564 0.8957006369426752 0.06526806526806526 0.03980891719745223
1 0.3817016317016317 0.3192675159235669 0.14335664335664336 0.11942675159235669
1 0.1684149184149184 0.6369426751592356 0.12703962703962704 0.08598726114649681
0 0.37995337995337997 0.9315286624203821 0.04895104895104895 0.04777070063694268
