1 0.5681818181818182 0.1377388535031847 0.09207459207459208 0.06528662420382166
2 0.5483682983682984 0.76671974522293 0.05944055944055944 0.052547770700636945
0 0.9353146853146853 0.10429936305732485 0.06177156177156177 0.12898089171974522
1 0.087995337995338 0.8017515923566879 0.026806526806526808 0.08121019108280254
2 0.4358974358974359 0.589968152866242 0.030303030303030304 0.0875796178343949
2 0.9324009324009324 0.35270700636942676 0.02097902097902098 0.06210191082802548
0 0.7977855477855478 0.51671974522293 0.0641025641025641 0.0589171974522293
1 0.8298368298368298 0.8638535031847133 0.05827505827505827 0.03662420382165605
2 0.07692307692307693 0.3431528662420382 0.023310023310023312 0.06528662420382166
1 0.21212121212121213 0.6154458598726115 0.039627039627039624 0.02388535031847134
