0 0.8717948717948718 0.8638535031847133 0.07459207459207459 0.12898089171974522
0 0.6078088578088578 0.1321656050955414 0.06876456876456877 0.054140127388535034
1 0.9562937062937062 0.1839171974522293 0.05944055944055944 0.1321656050955414
0 0.8921911421911422 0.3590764331210191 0.054778554778554776 0.11305732484076433
1 0.13694638694638694 0.9609872611464968 0.05011655011655012 0.03662420382165605
0 0.2092074592074592 0.535828025477707 0.11538461538461539 0.10668789808917198
0 0.6235431235431236 0.9259554140127388 0.06526806526806526 0.12898089171974522
1 0.3583916083916084 0.4068471337579618 0.054778554778554776 0.11305732484076433
0 0.45396270396270394 0.1679936305732484 0.09906759906759907 0.09394904458598727
2 0.6025641025641025 0.7802547770700637 0.02564102564102564 0.07006369426751592
