0 0.17074592074592074 0.5031847133757962 0.04079254079254079 0.08917197452229299
2 0.2907925407925408 0.8996815286624203 0.03146853146853147 0.07643312101910828
2 0.7447552447552448 0.6855095541401274 0.027972027972027972 0.06847133757961783
1 0.22552447552447552 0.7953821656050956 0.04312354312354312 0.12579617834394904
0 0.23717948717948717 0.3861464968152866 0.09673659673659674 0.07802547770700637
1 0.8682983682983683 0.8017515923566879 0.06526806526806526 0.04617834394904458
1 0.817016317016317 0.12977707006369427 0.09324009324009325 0.07165605095541401
0 0.4726107226107226 0.42436305732484075 0.054778554778554776 0.11305732484076433
1 0.13986013986013987 0.28343949044585987 0.0675990675990676 0.06369426751592357
1 0.40734265734265734 0.7221337579617835 0.09207459207459208 0.06528662420382166
