0 0.2972027972027972 0.0804140127388535 0.02564102564102564 0.0589171974522293
1 0.2523310023310023 0.45063694267515925 0.08275058275058275 0.20063694267515925
0 0.4574592074592075 0.8423566878980892 0.024475524475524476 0.054140127388535034
1 0.4621212121212121 0.16878980891719744 0.1317016317016317 0.09554140127388536
1 0.8548951048951049 0.24601910828025478 0.05944055944055944 0.1321656050955414
0 0.5944055944055944 0.4721337579617834 0.06060606060606061 0.04936305732484077
1 0.04079254079254079 0.07245222929936306 0.08158508158508158 0.06210191082802548
0 0.36421911421911424 0.7030254777070064 0.03146853146853147 0.06210191082802548
2 0.4568764568764569 0.4753184713375796 0.05827505827505827 0.052547770700636945
0 0.5483682983682984 0.28423566878980894 0.03613053613053613 0.06528662420382166
