1 0.2931235431235431 0.41162420382165604 0.05944055944055944 0.1321656050955414
0 0.5454545454545454 0.5589171974522293 0.04895104895104895 0.10509554140127389
1 0.5017482517482518 0.7436305732484076 0.08974358974358974 0.06050955414012739
1 0.4219114219114219 0.6027070063694268 0.13986013986013987 0.09394904458598727
0 0.10664335664335664 0.5135350318471338 0.054778554778554776 0.11305732484076433
2 0.4959207459207459 0.4482484076433121 0.03146853146853147 0.07802547770700637
0 0.6655011655011654 0.3614649681528662 0.07226107226107226 0.05732484076433121
1 0.6812354312354313 0.856687898089172 0.08741258741258741 0.07006369426751592
2 0.4230769230769231 0.3105095541401274 0.02564102564102564 0.08280254777070063
0 0.6305361305361306 0.7699044585987261 0.08391608391608392 0.07802547770700637
