1 0.9382284382284383 0.6759554140127388 0.10955710955710955 0.08439490445859872
1 0.42074592074592077 0.44745222929936307 0.013986013986013986 0.07961783439490445
1 0.5909090909090909 0.554140127388535 0.053613053613053616 0.04777070063694268
2 0.17132867132867133 0.7611464968152867 0.046620046620046623 0.03184713375796178
2 0.5512820512820513 0.6154458598726115 0.02564102564102564 0.07165605095541401
1 0.594988344988345 0.910828025477707 0.1386946386946387 0.09872611464968153
1 0.8618881118881119 0.46735668789808915 0.08741258741258741 0.19585987261146498
1 0.5955710955710956 0.7078025477707006 0.018648018648018648 0.05573248407643312
0 0.1853146853146853 0.5971337579617835 0.05128205128205128 0.04777070063694268
1 0.30128205128205127 0.375 0.13636363636363635 0.09394904458598727
