1 0.19347319347319347 0.8606687898089171 0.09557109557109557 0.08121019108280254
2 0.3152680652680653 0.8638535031847133 0.06177156177156177 0.052547770700636945
1 0.4382284382284382 0.5469745222929936 0.07226107226107226 0.13535031847133758
1 0.7657342657342657 0.5947452229299363 0.06993006993006994 0.05573248407643312
1 0.3921911421911422 0.7914012738853503 0.05944055944055944 0.054140127388535034
1 0.13228438228438227 0.7802547770700637 0.054778554778554776 0.03821656050955414
1 0.502913752913753 0.35270700636942676 0.04312354312354312 0.12579617834394904
0 0.8356643356643356 0.14729299363057324 0.06293706293706294 0.052547770700636945
1 0.6258741258741258 0.8136942675159236 0.023310023310023312 0.050955414012738856
1 0.9796037296037297 0.2874203821656051 0.017482517482517484 0.04936305732484077
