0 0.798951048951049 0.37977707006369427 0.054778554778554776 0.11305732484076433
1 0.932983682983683 0.24203821656050956 0.09673659673659674 0.09554140127388536
0 0.0979020979020979 0.1480891719745223 0.08857808857808858 0.07006369426751592
1 0.7773892773892774 0.6584394904458599 0.09557109557109557 0.06210191082802548
1 0.6258741258741258 0.6998407643312102 0.030303030303030304 0.08121019108280254
2 0.22086247086247085 0.6138535031847133 0.06876456876456877 0.042993630573248405
1 0.6346153846153846 0.08678343949044585 0.09906759906759907 0.09394904458598727
0 0.1585081585081585 0.3471337579617834 0.030303030303030304 0.07006369426751592
0 0.8385780885780886 0.7770700636942676 0.045454545454545456 0.10828025477707007
0 0.8152680652680653 0.8957006369426752 0.024475524475524476 0.06847133757961783
