1 0.1346153846153846 0.11624203821656051 0.045454545454545456 0.10828025477707007
2 0.7068764568764568 0.6536624203821656 0.03146853146853147 0.09713375796178345
2 0.7680652680652681 0.3192675159235669 0.027972027972027972 0.06847133757961783
0 0.6748251748251748 0.8797770700636943 0.07925407925407925 0.06210191082802548
1 0.916083916083916 0.06926751592356688 0.08158508158508158 0.06210191082802548
1 0.18414918414918416 0.34394904458598724 0.0675990675990676 0.04777070063694268
0 0.9003496503496503 0.32563694267515925 0.03146853146853147 0.03980891719745223
1 0.8834498834498834 0.7388535031847133 0.06060606060606061 0.03821656050955414
0 0.4090909090909091 0.6855095541401274 0.027972027972027972 0.06847133757961783
1 0.513986013986014 0.14570063694267515 0.0675990675990676 0.04936305732484077
