1 0.243006993006993 0.839171974522293 0.017482517482517484 0.054140127388535034
1 0.8688811188811189 0.024681528662420384 0.054778554778554776 0.03343949044585987
1 0.8065268065268065 0.38136942675159236 0.037296037296037296 0.020700636942675158
1 0.9452214452214452 0.8312101910828026 0.016317016317016316 0.054140127388535034
1 0.9446386946386947 0.5079617834394905 0.05944055944055944 0.1305732484076433
2 0.16958041958041958 0.6297770700636943 0.029137529137529136 0.08439490445859872
1 0.8245920745920746 0.46496815286624205 0.05944055944055944 0.03503184713375796
0 0.12937062937062938 0.8742038216560509 0.039627039627039624 0.08280254777070063
0 0.8717948717948718 0.9482484076433121 0.0675990675990676 0.04936305732484077
1 0.3356643356643357 0.589968152866242 0.046620046620046623 0.12898089171974522
