1 0.5384615384615384 0.625 0.08158508158508158 0.06210191082802548
1 0.9137529137529138 0.6162420382165605 0.030303030303030304 0.07643312101910828
1 0.17016317016317017 0.19347133757961785 0.04195804195804196 0.03980891719745223
1 0.2465034965034965 0.9179936305732485 0.09207459207459208 0.07165605095541401
1 0.615967365967366 0.6337579617834395 0.019813519813519812 0.05732484076433121
1 0.6287878787878788 0.8343949044585988 0.05244755244755245 0.14968152866242038
2 0.6520979020979021 0.39171974522292996 0.05011655011655012 0.03184713375796178
2 0.8216783216783217 0.5835987261146497 0.027972027972027972 0.06847133757961783
0 0.38986013986013984 0.36863057324840764 0.05710955710955711 0.12579617834394904
2 0.31993006993006995 0.3001592356687898 0.045454545454545456 0.042993630573248405
