1 0.5728438228438228 0.6027070063694268 0.05944055944055944 0.03980891719745223
1 0.5058275058275058 0.9705414012738853 0.018648018648018648 0.05573248407643312
0 0.7558275058275058 0.5374203821656051 0.054778554778554776 0.11305732484076433
0 0.9481351981351981 0.4769108280254777 0.0641025641025641 0.12579617834394904
1 0.43065268065268064 0.3176751592356688 0.09673659673659674 0.07802547770700637
2 0.14918414918414918 0.1839171974522293 0.04895104895104895 0.03343949044585987
1 0.6818181818181818 0.05015923566878981 0.030303030303030304 0.03980891719745223
1 0.3782051282051282 0.6170382165605095 0.05944055944055944 0.03662420382165605
2 0.5425407925407926 0.37579617834394907 0.03146853146853147 0.06369426751592357
1 0.2092074592074592 0.7890127388535032 0.07109557109557109 0.17993630573248406
