1 0.9312354312354313 0.37738853503184716 0.04195804195804196 0.025477707006369428
2 0.8886946386946387 0.5246815286624203 0.06177156177156177 0.052547770700636945
2 0.8315850815850816 0.6552547770700637 0.029137529137529136 0.08121019108280254
1 0.024475524475524476 0.5421974522292994 0.04428904428904429 0.11624203821656051
1 0.09906759906759907 0.24522292993630573 0.016317016317016316 0.050955414012738856
1 0.10372960372960373 0.37579617834394907 0.05827505827505827 0.03503184713375796
2 0.8251748251748252 0.8949044585987261 0.06293706293706294 0.054140127388535034
1 0.019813519813519812 0.8598726114649682 0.016317016317016316 0.044585987261146494
2 0.5017482517482518 0.8527070063694268 0.05244755244755245 0.13535031847133758
1 0.8578088578088578 0.357484076433121 0.08158508158508158 0.06210191082802548
