1 0.04603729603729604 0.4164012738853503 0.045454545454545456 0.09076433121019108
0 0.4621212121212121 0.2746815286624204 0.09207459207459208 0.07802547770700637
1 0.38403263403263405 0.40764331210191085 0.017482517482517484 0.050955414012738856
0 0.3782051282051282 0.12898089171974522 0.0337995337995338 0.07961783439490445
1 0.7907925407925408 0.5414012738853503 0.06876456876456877 0.041401273885350316
1 0.5308857808857809 0.8351910828025477 0.05944055944055944 0.1321656050955414
0 0.7552447552447552 0.29777070063694266 0.06993006993006994 0.06369426751592357
1 0.8018648018648019 0.696656050955414 0.046620046620046623 0.06210191082802548
1 0.8228438228438228 0.3065286624203822 0.039627039627039624 0.02388535031847134
1 0.546037296037296 0.464171974522293 0.05944055944055944 0.1321656050955414
