1 0.08275058275058275 0.15843949044585987 0.09090909090909091 0.18312101910828024
2 0.8869463869463869 0.6313694267515924 0.030303030303030304 0.07165605095541401
1 0.7062937062937062 0.49442675159235666 0.08624708624708624 0.07802547770700637
1 0.9644522144522144 0.8964968152866242 0.017482517482517484 0.054140127388535034
2 0.9632867132867133 0.8479299363057324 0.05244755244755245 0.03980891719745223
1 0.47202797202797203 0.23328025477707007 0.08158508158508158 0.06210191082802548
0 0.40034965034965037 0.642515923566879 0.08275058275058275 0.07484076433121019
1 0.19289044289044288 0.9259554140127388 0.017482517482517484 0.052547770700636945
1 0.7622377622377622 0.6178343949044586 0.13053613053613053 0.09872611464968153
1 0.06351981351981352 0.5597133757961783 0.05944055944055944 0.1321656050955414
