0 0.15093240093240093 0.5756369426751592 0.06643356643356643 0.06847133757961783
2 0.824009324009324 0.7404458598726115 0.023310023310023312 0.07006369426751592
1 0.6555944055944056 0.6393312101910829 0.03146853146853147 0.0875796178343949
1 0.7202797202797203 0.946656050955414 0.06993006993006994 0.042993630573248405
0 0.5034965034965035 0.10191082802547771 0.03496503496503497 0.07006369426751592
1 0.168997668997669 0.06289808917197452 0.10955710955710955 0.08439490445859872
0 0.32517482517482516 0.8375796178343949 0.053613053613053616 0.04777070063694268
1 0.05011655011655012 0.2603503184713376 0.04195804195804196 0.12579617834394904
0 0.44813519813519814 0.5517515923566879 0.07575757575757576 0.04617834394904458
1 0.8496503496503497 0.8630573248407644 0.046620046620046623 0.1305732484076433
