1 0.8513986013986014 0.1265923566878981 0.09673659673659674 0.0589171974522293
2 0.46678321678321677 0.6536624203821656 0.015151515151515152 0.042993630573248405
1 0.32226107226107226 0.5979299363057324 0.04079254079254079 0.02388535031847134
1 0.4358974358974359 0.2070063694267516 0.046620046620046623 0.1178343949044586
2 0.5524475524475524 0.6664012738853503 0.027972027972027972 0.06847133757961783
1 0.5547785547785548 0.5238853503184714 0.09324009324009325 0.09872611464968153
1 0.703962703962704 0.38296178343949044 0.04428904428904429 0.12261146496815287
2 0.7319347319347319 0.8829617834394905 0.030303030303030304 0.07165605095541401
1 0.11305361305361306 0.3192675159235669 0.030303030303030304 0.07484076433121019
2 0.5308857808857809 0.40605095541401276 0.017482517482517484 0.05732484076433121
