2 0.19289044289044288 0.17277070063694266 0.10606060606060606 0.07802547770700637
2 0.4574592074592075 0.2635350318471338 0.06177156177156177 0.052547770700636945
1 0.6416083916083916 0.8089171974522293 0.026806526806526808 0.050955414012738856
1 0.10081585081585082 0.3734076433121019 0.05944055944055944 0.1321656050955414
1 0.7616550116550117 0.40605095541401276 0.07109557109557109 0.05732484076433121
1 0.18822843822843824 0.856687898089172 0.019813519813519812 0.05732484076433121
1 0.6305361305361306 0.5748407643312102 0.09324009324009325 0.05732484076433121
2 0.7185314685314685 0.785031847133758 0.05944055944055944 0.054140127388535034
1 0.7208624708624709 0.7261146496815286 0.017482517482517484 0.050955414012738856
0 0.8286713286713286 0.1695859872611465 0.06993006993006994 0.05573248407643312
