1 0.6148018648018648 0.9394904458598726 0.07575757575757576 0.050955414012738856
1 0.5996503496503497 0.7277070063694268 0.07109557109557109 0.18789808917197454
0 0.9498834498834499 0.6727707006369427 0.05128205128205128 0.0875796178343949
2 0.5763403263403264 0.10509554140127389 0.017482517482517484 0.044585987261146494
1 0.4976689976689977 0.7571656050955414 0.04195804195804196 0.12579617834394904
2 0.7167832167832168 0.9036624203821656 0.039627039627039624 0.10668789808917198
0 0.09615384615384616 0.8144904458598726 0.03146853146853147 0.042993630573248405
0 0.03263403263403263 0.6401273885350318 0.053613053613053616 0.04777070063694268
0 0.14393939393939395 0.12420382165605096 0.038461538461538464 0.08280254777070063
0 0.7575757575757576 0.19347133757961785 0.02564102564102564 0.0589171974522293
