2 0.1182983682983683 0.9132165605095541 0.0337995337995338 0.07802547770700637
0 0.05944055944055944 0.5764331210191083 0.037296037296037296 0.054140127388535034
2 0.7721445221445221 0.39171974522292996 0.06876456876456877 0.04777070063694268
2 0.8012820512820513 0.45461783439490444 0.11072261072261072 0.07802547770700637
1 0.9213286713286714 0.4753184713375796 0.0641025641025641 0.03980891719745223
1 0.07284382284382285 0.1823248407643312 0.054778554778554776 0.11942675159235669
0 0.6643356643356644 0.24363057324840764 0.053613053613053616 0.04777070063694268
1 0.6882284382284383 0.5047770700636943 0.08041958041958042 0.06369426751592357
1 0.6148018648018648 0.6353503184713376 0.017482517482517484 0.050955414012738856
2 0.5215617715617715 0.9689490445859873 0.06177156177156177 0.052547770700636945
