0 0.3618881118881119 0.34156050955414013 0.04079254079254079 0.08439490445859872
0 0.3181818181818182 0.4864649681528662 0.06293706293706294 0.052547770700636945
2 0.38461538461538464 0.8805732484076433 0.06060606060606061 0.054140127388535034
1 0.15734265734265734 0.03821656050955414 0.02097902097902098 0.06687898089171974
1 0.5576923076923077 0.6449044585987261 0.017482517482517484 0.054140127388535034
1 0.263986013986014 0.6194267515923567 0.045454545454545456 0.1305732484076433
1 0.3508158508158508 0.5740445859872612 0.03496503496503497 0.08439490445859872
0 0.1853146853146853 0.5398089171974523 0.03496503496503497 0.07006369426751592
2 0.754079254079254 0.8988853503184714 0.06060606060606061 0.052547770700636945
1 0.4592074592074592 0.28503184713375795 0.030303030303030304 0.07643312101910828
