1 0.5984848484848485 0.15684713375796178 0.05944055944055944 0.1321656050955414
1 0.75 0.4036624203821656 0.05944055944055944 0.1321656050955414
1 0.25815850815850816 0.8479299363057324 0.05944055944055944 0.1321656050955414
1 0.4143356643356643 0.37420382165605093 0.0944055944055944 0.05732484076433121
1 0.15093240093240093 0.7834394904458599 0.12703962703962704 0.08598726114649681
2 0.460955710955711 0.4745222929936306 0.038461538461538464 0.08280254777070063
1 0.40326340326340326 0.7818471337579618 0.023310023310023312 0.050955414012738856
0 0.33974358974358976 0.8590764331210191 0.038461538461538464 0.08439490445859872
2 0.8374125874125874 0.6138535031847133 0.0337995337995338 0.07802547770700637
1 0.060023310023310024 0.8527070063694268 0.054778554778554776 0.11305732484076433
