2 0.7534965034965035 0.32802547770700635 0.038461538461538464 0.025477707006369428
2 0.6206293706293706 0.11146496815286625 0.038461538461538464 0.08280254777070063
1 0.32867132867132864 0.6202229299363057 0.04428904428904429 0.12898089171974522
1 0.17657342657342656 0.9187898089171974 0.045454545454545456 0.1305732484076433
0 0.9026806526806527 0.714171974522293 0.0337995337995338 0.08121019108280254
2 0.07575757575757576 0.2484076433121019 0.05827505827505827 0.03821656050955414
2 0.3974358974358974 0.9697452229299363 0.07692307692307693 0.05732484076433121
1 0.8910256410256411 0.4068471337579618 0.06643356643356643 0.06847133757961783
0 0.03146853146853147 0.7253184713375797 0.05827505827505827 0.052547770700636945
2 0.9632867132867133 0.3678343949044586 0.03146853146853147 0.07643312101910828
