1 0.168997668997669 0.17277070063694266 0.06293706293706294 0.052547770700636945
1 0.4423076923076923 0.22452229299363058 0.05944055944055944 0.05732484076433121
1 0.3374125874125874 0.5390127388535032 0.022144522144522144 0.06210191082802548
1 0.7773892773892774 0.48009554140127386 0.030303030303030304 0.07165605095541401
1 0.46736596736596736 0.5414012738853503 0.0979020979020979 0.09235668789808917
1 0.7167832167832168 0.16401273885350318 0.053613053613053616 0.05732484076433121
2 0.6544289044289044 0.679140127388535 0.0337995337995338 0.07165605095541401
0 0.6497668997668997 0.3351910828025478 0.06876456876456877 0.0589171974522293
2 0.9271561771561772 0.10907643312101911 0.0337995337995338 0.07802547770700637
0 0.04603729603729604 0.4554140127388535 0.03613053613053613 0.0732484076433121
