1 0.2057109557109557 0.3614649681528662 0.0944055944055944 0.05732484076433121
0 0.12237762237762238 0.8988853503184714 0.06293706293706294 0.052547770700636945
2 0.033216783216783216 0.6265923566878981 0.0337995337995338 0.07802547770700637
1 0.7348484848484849 0.20382165605095542 0.03146853146853147 0.08280254777070063
0 0.9597902097902098 0.3869426751592357 0.0641025641025641 0.06050955414012739
1 0.8817016317016317 0.8272292993630573 0.05944055944055944 0.1321656050955414
0 0.8286713286713286 0.5007961783439491 0.09090909090909091 0.07802547770700637
2 0.5151515151515151 0.1767515923566879 0.027972027972027972 0.08598726114649681
1 0.4627039627039627 0.24044585987261147 0.07226107226107226 0.18152866242038215
2 0.5792540792540792 0.29936305732484075 0.053613053613053616 0.044585987261146494
