1 0.8059440559440559 0.7070063694267515 0.0641025641025641 0.044585987261146494
0 0.9324009324009324 0.4593949044585987 0.06060606060606061 0.11942675159235669
0 0.07284382284382285 0.5159235668789809 0.06876456876456877 0.054140127388535034
2 0.5186480186480187 0.5573248407643312 0.02097902097902098 0.06687898089171974
0 0.5926573426573427 0.9355095541401274 0.026806526806526808 0.06847133757961783
1 0.6993006993006993 0.9578025477707006 0.018648018648018648 0.04936305732484077
1 0.4831002331002331 0.34156050955414013 0.0337995337995338 0.020700636942675158
2 0.6375291375291375 0.3590764331210191 0.030303030303030304 0.07484076433121019
1 0.13636363636363635 0.697452229299363 0.016317016317016316 0.050955414012738856
1 0.26165501165501165 0.16162420382165604 0.09673659673659674 0.08121019108280254
