0 0.6013986013986014 0.5843949044585988 0.053613053613053616 0.04777070063694268
1 0.8414918414918415 0.39331210191082805 0.030303030303030304 0.06369426751592357
1 0.39044289044289043 0.518312101910828 0.018648018648018648 0.05573248407643312
1 0.08682983682983683 0.9506369426751592 0.07109557109557109 0.06687898089171974
0 0.3921911421911422 0.2484076433121019 0.09673659673659674 0.09554140127388536
1 0.6515151515151515 0.11226114649681529 0.046620046620046623 0.11305732484076433
1 0.8088578088578089 0.5605095541401274 0.04195804195804196 0.05732484076433121
1 0.46445221445221446 0.4068471337579618 0.038461538461538464 0.02388535031847134
1 0.14685314685314685 0.6329617834394905 0.03496503496503497 0.02388535031847134
1 0.8857808857808858 0.8511146496815286 0.04428904428904429 0.12261146496815287
