2 0.6486013986013986 0.7078025477707006 0.03613053613053613 0.08439490445859872
0 0.4364801864801865 0.76671974522293 0.06177156177156177 0.12898089171974522
2 0.15967365967365968 0.2874203821656051 0.027972027972027972 0.08439490445859872
1 0.8927738927738927 0.8343949044585988 0.08624708624708624 0.06369426751592357
0 0.9673659673659674 0.4434713375796178 0.05827505827505827 0.052547770700636945
2 0.3245920745920746 0.33837579617834396 0.038461538461538464 0.09076433121019108
2 0.47027972027972026 0.05652866242038217 0.047785547785547784 0.03662420382165605
0 0.38927738927738925 0.14410828025477707 0.030303030303030304 0.07165605095541401
1 0.3508158508158508 0.6345541401273885 0.06293706293706294 0.03662420382165605
1 0.3175990675990676 0.4896496815286624 0.08275058275058275 0.07484076433121019
