1 0.5052447552447552 0.25557324840764334 0.05944055944055944 0.1321656050955414
1 0.9493006993006993 0.5023885350318471 0.029137529137529136 0.08121019108280254
1 0.20046620046620048 0.3192675159235669 0.04195804195804196 0.09394904458598727
0 0.5571095571095571 0.8105095541401274 0.03496503496503497 0.07006369426751592
0 0.4527972027972028 0.8479299363057324 0.08508158508158509 0.07484076433121019
1 0.9358974358974359 0.6058917197452229 0.046620046620046623 0.10987261146496816
0 0.6433566433566433 0.9012738853503185 0.037296037296037296 0.03184713375796178
2 0.5541958041958042 0.2921974522292994 0.026806526806526808 0.07484076433121019
1 0.5979020979020979 0.42038216560509556 0.016317016317016316 0.050955414012738856
0 0.3717948717948718 0.7468152866242038 0.02564102564102564 0.06687898089171974
