2 0.9318181818181818 0.4554140127388535 0.038461538461538464 0.08598726114649681
1 0.6421911421911422 0.38296178343949044 0.09557109557109557 0.06210191082802548
2 0.1998834498834499 0.5565286624203821 0.10606060606060606 0.07165605095541401
1 0.3513986013986014 0.429140127388535 0.05944055944055944 0.1321656050955414
2 0.7488344988344988 0.7651273885350318 0.10606060606060606 0.07802547770700637
1 0.34382284382284384 0.07882165605095541 0.030303030303030304 0.06210191082802548
0 0.9067599067599068 0.9426751592356688 0.053613053613053616 0.04777070063694268
0 0.28496503496503495 0.6640127388535032 0.05944055944055944 0.05732484076433121
1 0.5355477855477856 0.7699044585987261 0.03146853146853147 0.08121019108280254
0 0.6579254079254079 0.6281847133757962 0.038461538461538464 0.08439490445859872
