2 0.9807692307692307 0.3248407643312102 0.038461538461538464 0.08280254777070063
2 0.622960372960373 0.3335987261146497 0.0337995337995338 0.07802547770700637
1 0.2942890442890443 0.5668789808917197 0.06876456876456877 0.054140127388535034
2 0.24883449883449885 0.050955414012738856 0.038461538461538464 0.08280254777070063
1 0.8327505827505828 0.3375796178343949 0.04312354312354312 0.12101910828025478
1 0.736013986013986 0.3017515923566879 0.045454545454545456 0.12898089171974522
0 0.5128205128205128 0.7046178343949044 0.07459207459207459 0.12898089171974522
0 0.6806526806526807 0.08359872611464968 0.030303030303030304 0.03980891719745223
2 0.06876456876456877 0.23248407643312102 0.030303030303030304 0.07006369426751592
0 0.4737762237762238 0.8845541401273885 0.029137529137529136 0.06210191082802548
