0 0.8531468531468531 0.7348726114649682 0.06293706293706294 0.052547770700636945
1 0.04312354312354312 0.7699044585987261 0.08158508158508158 0.06210191082802548
2 0.2465034965034965 0.3184713375796178 0.08508158508158509 0.054140127388535034
1 0.18006993006993008 0.5835987261146497 0.054778554778554776 0.11305732484076433
2 0.034382284382284384 0.945859872611465 0.06876456876456877 0.044585987261146494
1 0.7604895104895105 0.9673566878980892 0.05011655011655012 0.03662420382165605
1 0.1684149184149184 0.910031847133758 0.08275058275058275 0.07484076433121019
0 0.3543123543123543 0.5302547770700637 0.046620046620046623 0.09235668789808917
0 0.7191142191142191 0.7245222929936306 0.055944055944055944 0.07006369426751592
1 0.5635198135198135 0.6321656050955414 0.08741258741258741 0.05732484076433121
