2 0.5897435897435898 0.20621019108280256 0.0675990675990676 0.04617834394904458
1 0.31002331002331 0.7627388535031847 0.016317016317016316 0.054140127388535034
2 0.7814685314685315 0.9506369426751592 0.038461538461538464 0.08280254777070063
1 0.4393939393939394 0.5103503184713376 0.07925407925407925 0.15127388535031847
2 0.3502331002331002 0.24761146496815287 0.05944055944055944 0.03980891719745223
0 0.36247086247086246 0.39012738853503187 0.0675990675990676 0.08280254777070063
0 0.17191142191142192 0.803343949044586 0.09906759906759907 0.09394904458598727
1 0.8222610722610723 0.3678343949044586 0.017482517482517484 0.054140127388535034
2 0.11713286713286714 0.45461783439490444 0.0337995337995338 0.07802547770700637
2 0.7738927738927739 0.767515923566879 0.06293706293706294 0.050955414012738856
