1 0.1789044289044289 0.06528662420382166 0.05944055944055944 0.1305732484076433
1 0.40967365967365965 0.21656050955414013 0.07575757575757576 0.054140127388535034
2 0.1754079254079254 0.5286624203821656 0.06876456876456877 0.044585987261146494
2 0.09207459207459208 0.26671974522292996 0.027972027972027972 0.07802547770700637
1 0.9428904428904429 0.893312101910828 0.030303030303030304 0.06369426751592357
1 0.504079254079254 0.1520700636942675 0.0641025641025641 0.04936305732484077
1 0.46561771561771564 0.7380573248407644 0.047785547785547784 0.1321656050955414
1 0.7995337995337995 0.6449044585987261 0.08624708624708624 0.06050955414012739
1 0.47435897435897434 0.3320063694267516 0.018648018648018648 0.04936305732484077
0 0.6602564102564102 0.5605095541401274 0.04312354312354312 0.08598726114649681
