1 0.6357808857808858 0.5055732484076433 0.05944055944055944 0.1321656050955414
1 0.3525641025641026 0.26512738853503187 0.08275058275058275 0.07484076433121019
1 0.9108391608391608 0.3869426751592357 0.04312354312354312 0.06050955414012739
1 0.622960372960373 0.8320063694267515 0.05011655011655012 0.03662420382165605
1 0.17074592074592074 0.18550955414012738 0.07109557109557109 0.04617834394904458
2 0.9667832167832168 0.1751592356687898 0.06177156177156177 0.050955414012738856
1 0.9236596736596736 0.08359872611464968 0.05944055944055944 0.1321656050955414
0 0.23135198135198135 0.6640127388535032 0.10372960372960373 0.11146496815286625
1 0.11072261072261072 0.660031847133758 0.030303030303030304 0.09076433121019108
1 0.7435897435897436 0.6934713375796179 0.06293706293706294 0.052547770700636945
