2 0.40559440559440557 0.17277070063694266 0.030303030303030304 0.07165605095541401
0 0.2867132867132867 0.2818471337579618 0.04895104895104895 0.044585987261146494
2 0.2127039627039627 0.39729299363057324 0.0337995337995338 0.07165605095541401
0 0.4819347319347319 0.49363057324840764 0.038461538461538464 0.03184713375796178
1 0.18414918414918416 0.05334394904458599 0.027972027972027972 0.07802547770700637
1 0.055944055944055944 0.3017515923566879 0.030303030303030304 0.09076433121019108
1 0.5064102564102564 0.8964968152866242 0.05944055944055944 0.1305732484076433
2 0.7727272727272727 0.6281847133757962 0.030303030303030304 0.07165605095541401
1 0.40034965034965037 0.7157643312101911 0.05944055944055944 0.1321656050955414
0 0.6765734265734266 0.1695859872611465 0.06643356643356643 0.06847133757961783
