1 0.6095571095571095 0.6090764331210191 0.10955710955710955 0.0875796178343949
2 0.8764568764568764 0.07722929936305732 0.030303030303030304 0.07165605095541401
1 0.914918414918415 0.06926751592356688 0.013986013986013986 0.03662420382165605
1 0.4737762237762238 0.5581210191082803 0.14335664335664336 0.11942675159235669
1 0.8141025641025641 0.9371019108280255 0.038461538461538464 0.02388535031847134
2 0.8001165501165501 0.7006369426751592 0.019813519813519812 0.050955414012738856
1 0.16724941724941725 0.5597133757961783 0.05944055944055944 0.1321656050955414
0 0.24766899766899766 0.10429936305732485 0.06876456876456877 0.05573248407643312
1 0.2663170163170163 0.5095541401273885 0.05944055944055944 0.1305732484076433
1 0.8566433566433567 0.35828025477707004 0.06526806526806526 0.054140127388535034
