1 0.6742424242424242 0.9450636942675159 0.029137529137529136 0.07802547770700637
1 0.4586247086247086 0.5421974522292994 0.04312354312354312 0.11305732484076433
2 0.6386946386946387 0.22770700636942676 0.027972027972027972 0.08598726114649681
1 0.9009324009324009 0.5820063694267515 0.053613053613053616 0.04617834394904458
1 0.17249417249417248 0.9578025477707006 0.06526806526806526 0.04617834394904458
1 0.15268065268065267 0.44745222929936307 0.053613053613053616 0.04777070063694268
1 0.7593240093240093 0.714968152866242 0.045454545454545456 0.11146496815286625
2 0.1684149184149184 0.6664012738853503 0.019813519813519812 0.0589171974522293
1 0.28496503496503495 0.9530254777070064 0.05944055944055944 0.042993630573248405
1 0.0844988344988345 0.6035031847133758 0.13636363636363635 0.09235668789808917
