0 0.912004662004662 0.13694267515923567 0.10839160839160839 0.11146496815286625
0 0.3135198135198135 0.8335987261146497 0.027972027972027972 0.06847133757961783
0 0.8187645687645687 0.5915605095541401 0.038461538461538464 0.030254777070063694
1 0.4801864801864802 0.9386942675159236 0.08158508158508158 0.06210191082802548
1 0.7907925407925408 0.7890127388535032 0.06876456876456877 0.0589171974522293
0 0.38344988344988346 0.8781847133757962 0.08624708624708624 0.07802547770700637
0 0.4428904428904429 0.1480891719745223 0.053613053613053616 0.04777070063694268
1 0.8682983682983683 0.7969745222929936 0.039627039627039624 0.020700636942675158
1 0.25874125874125875 0.45222929936305734 0.13053613053613053 0.09872611464968153
1 0.291958041958042 0.6122611464968153 0.029137529137529136 0.07165605095541401
