2 0.7191142191142191 0.9378980891719745 0.06526806526806526 0.03821656050955414
1 0.9242424242424242 0.6528662420382165 0.08158508158508158 0.06050955414012739
2 0.8123543123543123 0.9084394904458599 0.04895104895104895 0.10668789808917198
2 0.8164335664335665 0.6337579617834395 0.05244755244755245 0.03184713375796178
1 0.7686480186480187 0.12340764331210191 0.054778554778554776 0.11305732484076433
1 0.38986013986013984 0.4251592356687898 0.05944055944055944 0.1305732484076433
1 0.8601398601398601 0.8248407643312102 0.030303030303030304 0.08280254777070063
2 0.8566433566433567 0.36942675159235666 0.08158508158508158 0.054140127388535034
1 0.04428904428904429 0.07882165605095541 0.04428904428904429 0.11305732484076433
2 0.9574592074592074 0.5947452229299363 0.05944055944055944 0.042993630573248405
