1 0.2668997668997669 0.1942675159235669 0.039627039627039624 0.025477707006369428
0 0.13344988344988346 0.8272292993630573 0.054778554778554776 0.11305732484076433
0 0.11013986013986014 0.5628980891719745 0.05944055944055944 0.04617834394904458
2 0.026223776223776224 0.8909235668789809 0.038461538461538464 0.10668789808917198
1 0.2907925407925408 0.5788216560509554 0.05710955710955711 0.03662420382165605
0 0.6520979020979021 0.5597133757961783 0.038461538461538464 0.08439490445859872
0 0.270979020979021 0.4148089171974522 0.038461538461538464 0.08439490445859872
1 0.8688811188811189 0.9585987261146497 0.05944055944055944 0.03503184713375796
2 0.905011655011655 0.47054140127388533 0.05011655011655012 0.03343949044585987
1 0.44522144522144524 0.8288216560509554 0.039627039627039624 0.02388535031847134
