1 0.38752913752913754 0.1998407643312102 0.019813519813519812 0.0589171974522293
1 0.8455710955710956 0.6377388535031847 0.09906759906759907 0.09076433121019108
1 0.30303030303030304 0.17117834394904458 0.09557109557109557 0.06210191082802548
1 0.3677156177156177 0.25636942675159236 0.026806526806526808 0.050955414012738856
0 0.6888111888111889 0.8614649681528662 0.030303030303030304 0.07006369426751592
0 0.6363636363636364 0.6799363057324841 0.055944055944055944 0.050955414012738856
1 0.664918414918415 0.5007961783439491 0.08508158508158509 0.0589171974522293
2 0.9440559440559441 0.5867834394904459 0.039627039627039624 0.08121019108280254
1 0.8502331002331003 0.9116242038216561 0.038461538461538464 0.08439490445859872
1 0.9702797202797203 0.13136942675159236 0.05944055944055944 0.1321656050955414
