1 0.6474358974358975 0.3519108280254777 0.017482517482517484 0.054140127388535034
1 0.35664335664335667 0.875 0.08624708624708624 0.07484076433121019
1 0.49475524475524474 0.9299363057324841 0.06177156177156177 0.03821656050955414
1 0.5454545454545454 0.7714968152866242 0.06993006993006994 0.042993630573248405
0 0.09965034965034965 0.804140127388535 0.045454545454545456 0.10828025477707007
1 0.1789044289044289 0.19585987261146498 0.03146853146853147 0.08280254777070063
2 0.6217948717948718 0.26671974522292996 0.038461538461538464 0.08439490445859872
1 0.6474358974358975 0.8415605095541401 0.04079254079254079 0.12261146496815287
1 0.8694638694638694 0.22054140127388536 0.09557109557109557 0.08121019108280254
1 0.6066433566433567 0.5668789808917197 0.08275058275058275 0.06050955414012739
