1 0.5495337995337995 0.24203821656050956 0.05944055944055944 0.1305732484076433
1 0.8117715617715617 0.6616242038216561 0.01282051282051282 0.07802547770700637
1 0.3793706293706294 0.3089171974522293 0.038461538461538464 0.11146496815286625
0 0.3613053613053613 0.10270700636942676 0.055944055944055944 0.1035031847133758
1 0.7301864801864801 0.5788216560509554 0.07575757575757576 0.04617834394904458
1 0.2634032634032634 0.9434713375796179 0.04428904428904429 0.0589171974522293
2 0.3129370629370629 0.5613057324840764 0.029137529137529136 0.08121019108280254
1 0.5134032634032634 0.5111464968152867 0.017482517482517484 0.054140127388535034
1 0.13403263403263405 0.4888535031847134 0.09090909090909091 0.05732484076433121
0 0.12179487179487179 0.7842356687898089 0.05944055944055944 0.04617834394904458
