1 0.5681818181818182 0.38057324840764334 0.045454545454545456 0.1305732484076433
2 0.09032634032634032 0.8742038216560509 0.029137529137529136 0.09554140127388536
1 0.9458041958041958 0.5406050955414012 0.05944055944055944 0.1321656050955414
0 0.9819347319347319 0.6472929936305732 0.026806526806526808 0.0589171974522293
1 0.05244755244755245 0.8837579617834395 0.018648018648018648 0.054140127388535034
1 0.175990675990676 0.5278662420382165 0.08158508158508158 0.06210191082802548
0 0.7365967365967366 0.16560509554140126 0.0675990675990676 0.06369426751592357
0 0.6777389277389277 0.31369426751592355 0.038461538461538464 0.08598726114649681
1 0.5250582750582751 0.22611464968152867 0.022144522144522144 0.07006369426751592
1 0.5868298368298368 0.6154458598726115 0.05944055944055944 0.1321656050955414
