1 0.8065268065268065 0.5055732484076433 0.03263403263403263 0.0875796178343949
0 0.7307692307692307 0.11624203821656051 0.037296037296037296 0.08598726114649681
0 0.9452214452214452 0.06449044585987261 0.053613053613053616 0.04617834394904458
1 0.9481351981351981 0.2269108280254777 0.05944055944055944 0.1321656050955414
1 0.4772727272727273 0.12181528662420382 0.017482517482517484 0.04936305732484077
1 0.5763403263403264 0.6154458598726115 0.04312354312354312 0.12261146496815287
1 0.48543123543123545 0.893312101910828 0.0337995337995338 0.050955414012738856
1 0.40326340326340326 0.10429936305732485 0.039627039627039624 0.02388535031847134
1 0.18123543123543123 0.6050955414012739 0.09207459207459208 0.08917197452229299
1 0.3525641025641026 0.2229299363057325 0.08275058275058275 0.04777070063694268
