1 0.7074592074592074 0.8280254777070064 0.04195804195804196 0.1178343949044586
1 0.9364801864801865 0.0732484076433121 0.05944055944055944 0.1305732484076433
0 0.8927738927738927 0.7229299363057324 0.055944055944055944 0.054140127388535034
1 0.291958041958042 0.25557324840764334 0.09207459207459208 0.06528662420382166
2 0.9353146853146853 0.5971337579617835 0.017482517482517484 0.044585987261146494
2 0.2925407925407925 0.4856687898089172 0.05128205128205128 0.03503184713375796
1 0.5454545454545454 0.26910828025477707 0.04895104895104895 0.044585987261146494
1 0.5693473193473193 0.7285031847133758 0.04079254079254079 0.11305732484076433
1 0.6235431235431236 0.927547770700637 0.02564102564102564 0.0589171974522293
1 0.8158508158508159 0.47054140127388533 0.016317016317016316 0.04617834394904458
