0 0.30303030303030304 0.6090764331210191 0.030303030303030304 0.03980891719745223
2 0.48892773892773894 0.0589171974522293 0.038461538461538464 0.08280254777070063
1 0.30186480186480186 0.8367834394904459 0.039627039627039624 0.02388535031847134
0 0.17365967365967366 0.7285031847133758 0.037296037296037296 0.08121019108280254
0 0.09324009324009325 0.5111464968152867 0.053613053613053616 0.04777070063694268
1 0.3956876456876457 0.31130573248407645 0.09673659673659674 0.08121019108280254
1 0.3117715617715618 0.4028662420382166 0.0780885780885781 0.06687898089171974
1 0.09906759906759907 0.7428343949044586 0.04428904428904429 0.12579617834394904
2 0.7907925407925408 0.7730891719745223 0.07109557109557109 0.04617834394904458
0 0.43065268065268064 0.45063694267515925 0.024475524475524476 0.050955414012738856
