1 0.2803030303030303 0.08200636942675159 0.06177156177156177 0.03662420382165605
1 0.3706293706293706 0.7834394904458599 0.11655011655011654 0.10828025477707007
1 0.06468531468531469 0.9156050955414012 0.019813519813519812 0.05732484076433121
1 0.8613053613053613 0.714171974522293 0.04195804195804196 0.12261146496815287
1 0.6555944055944056 0.5732484076433121 0.0944055944055944 0.06050955414012739
0 0.4318181818181818 0.08996815286624203 0.06177156177156177 0.052547770700636945
2 0.046620046620046623 0.058121019108280256 0.03496503496503497 0.09713375796178345
2 0.747086247086247 0.6194267515923567 0.06060606060606061 0.1178343949044586
1 0.7867132867132867 0.8845541401273885 0.04195804195804196 0.12261146496815287
0 0.34265734265734266 0.28821656050955413 0.039627039627039624 0.08280254777070063
