1 0.4376456876456876 0.1767515923566879 0.06643356643356643 0.054140127388535034
2 0.4195804195804196 0.35589171974522293 0.053613053613053616 0.042993630573248405
2 0.5367132867132867 0.8343949044585988 0.07342657342657342 0.050955414012738856
1 0.7389277389277389 0.7539808917197452 0.06526806526806526 0.03980891719745223
1 0.41025641025641024 0.7691082802547771 0.046620046620046623 0.1178343949044586
2 0.8898601398601399 0.4578025477707006 0.04079254079254079 0.10668789808917198
1 0.3554778554778555 0.64171974522293 0.09090909090909091 0.05732484076433121
2 0.1684149184149184 0.29538216560509556 0.038461538461538464 0.08439490445859872
0 0.594988344988345 0.4585987261146497 0.05244755244755245 0.041401273885350316
0 0.22202797202797203 0.1393312101910828 0.08508158508158509 0.0875796178343949
