1 0.14219114219114218 0.6210191082802548 0.030303030303030304 0.07643312101910828
2 0.4965034965034965 0.3495222929936306 0.030303030303030304 0.07165605095541401
1 0.666083916083916 0.4697452229299363 0.054778554778554776 0.12101910828025478
1 0.15442890442890442 0.7707006369426752 0.038461538461538464 0.025477707006369428
1 0.4026806526806527 0.42436305732484075 0.0944055944055944 0.06210191082802548
2 0.756993006993007 0.32643312101910826 0.026806526806526808 0.08280254777070063
1 0.4224941724941725 0.5318471337579618 0.029137529137529136 0.06369426751592357
2 0.06701631701631702 0.6894904458598726 0.10139860139860139 0.07006369426751592
1 0.23834498834498835 0.17038216560509553 0.04079254079254079 0.025477707006369428
1 0.7884615384615384 0.6727707006369427 0.09207459207459208 0.06528662420382166
