1 0.11946386946386946 0.3734076433121019 0.05944055944055944 0.1321656050955414
2 0.20104895104895104 0.1926751592356688 0.019813519813519812 0.050955414012738856
1 0.24533799533799533 0.8646496815286624 0.1386946386946387 0.09554140127388536
1 0.8321678321678322 0.6839171974522293 0.04428904428904429 0.11305732484076433
2 0.17773892773892774 0.29538216560509556 0.024475524475524476 0.07165605095541401
0 0.5565268065268065 0.30812101910828027 0.038461538461538464 0.08439490445859872
2 0.7103729603729604 0.767515923566879 0.029137529137529136 0.08280254777070063
2 0.8111888111888111 0.24044585987261147 0.06060606060606061 0.03821656050955414
1 0.1789044289044289 0.4593949044585987 0.05944055944055944 0.04617834394904458
2 0.20163170163170163 0.6584394904458599 0.03496503496503497 0.027070063694267517
