1 0.754079254079254 0.14570063694267515 0.04195804195804196 0.12261146496815287
1 0.22377622377622378 0.9036624203821656 0.04195804195804196 0.030254777070063694
0 0.4597902097902098 0.4625796178343949 0.038461538461538464 0.08439490445859872
0 0.8484848484848485 0.10828025477707007 0.055944055944055944 0.054140127388535034
0 0.14277389277389277 0.15843949044585987 0.09207459207459208 0.07802547770700637
1 0.9382284382284383 0.8519108280254777 0.08158508158508158 0.06050955414012739
0 0.3117715617715618 0.5509554140127388 0.06876456876456877 0.054140127388535034
2 0.8543123543123543 0.6528662420382165 0.05128205128205128 0.03184713375796178
1 0.36363636363636365 0.6918789808917197 0.04428904428904429 0.13535031847133758
0 0.40442890442890445 0.8718152866242038 0.023310023310023312 0.06847133757961783
