0 0.8484848484848485 0.03423566878980892 0.03496503496503497 0.06847133757961783
0 0.10839160839160839 0.34394904458598724 0.03496503496503497 0.07006369426751592
1 0.11305361305361306 0.6823248407643312 0.07459207459207459 0.18630573248407642
1 0.6019813519813519 0.5246815286624203 0.05944055944055944 0.1321656050955414
1 0.8688811188811189 0.5406050955414012 0.05710955710955711 0.0589171974522293
1 0.3560606060606061 0.13296178343949044 0.029137529137529136 0.07802547770700637
2 0.9341491841491841 0.3734076433121019 0.022144522144522144 0.06528662420382166
1 0.3817016317016317 0.535031847133758 0.07575757575757576 0.050955414012738856
2 0.5606060606060606 0.8232484076433121 0.05128205128205128 0.041401273885350316
1 0.7348484848484849 0.6863057324840764 0.054778554778554776 0.12101910828025478
