2 0.6171328671328671 0.37977707006369427 0.05944055944055944 0.052547770700636945
2 0.3525641025641026 0.22929936305732485 0.054778554778554776 0.03821656050955414
1 0.8986013986013986 0.041401273885350316 0.08158508158508158 0.06050955414012739
1 0.4020979020979021 0.8996815286624203 0.055944055944055944 0.03184713375796178
1 0.2395104895104895 0.5947452229299363 0.06876456876456877 0.06210191082802548
1 0.12296037296037296 0.1998407643312102 0.0641025641025641 0.0589171974522293
1 0.9691142191142191 0.25238853503184716 0.054778554778554776 0.11305732484076433
0 0.585081585081585 0.5023885350318471 0.04195804195804196 0.09394904458598727
2 0.8053613053613053 0.03662420382165605 0.023310023310023312 0.07006369426751592
1 0.8578088578088578 0.3176751592356688 0.08158508158508158 0.06210191082802548
