0 0.844988344988345 0.0517515923566879 0.023310023310023312 0.06847133757961783
2 0.12179487179487179 0.059713375796178345 0.0337995337995338 0.07802547770700637
2 0.17132867132867133 0.17117834394904458 0.037296037296037296 0.08439490445859872
1 0.019230769230769232 0.12181528662420382 0.026806526806526808 0.06847133757961783
0 0.6608391608391608 0.4609872611464968 0.030303030303030304 0.07165605095541401
1 0.4574592074592075 0.30812101910828027 0.09906759906759907 0.07802547770700637
2 0.9155011655011654 0.6839171974522293 0.12937062937062938 0.09394904458598727
0 0.12004662004662005 0.6122611464968153 0.07226107226107226 0.1321656050955414
0 0.916083916083916 0.21098726114649682 0.053613053613053616 0.06847133757961783
1 0.7628205128205128 0.08837579617834394 0.05944055944055944 0.1321656050955414
