1 0.6217948717948718 0.46894904458598724 0.08275058275058275 0.07484076433121019
2 0.8805361305361306 0.3614649681528662 0.07342657342657342 0.050955414012738856
1 0.9090909090909091 0.7030254777070064 0.08158508158508158 0.06210191082802548
1 0.7645687645687645 0.15764331210191082 0.037296037296037296 0.10191082802547771
1 0.16666666666666666 0.7062101910828026 0.04195804195804196 0.12261146496815287
1 0.46561771561771564 0.3320063694267516 0.054778554778554776 0.11305732484076433
1 0.16958041958041958 0.10828025477707007 0.12937062937062938 0.09235668789808917
2 0.6870629370629371 0.18471337579617833 0.03146853146853147 0.07961783439490445
2 0.7954545454545454 0.29538216560509556 0.06643356643356643 0.04936305732484077
0 0.8368298368298368 0.8248407643312102 0.0675990675990676 0.05732484076433121
