2 0.7832167832167832 0.5740445859872612 0.08624708624708624 0.052547770700636945
0 0.7167832167832168 0.6910828025477707 0.055944055944055944 0.050955414012738856
0 0.20279720279720279 0.07245222929936306 0.07226107226107226 0.14171974522292993
0 0.38403263403263405 0.910031847133758 0.05944055944055944 0.07484076433121019
0 0.594988344988345 0.1536624203821656 0.038461538461538464 0.08439490445859872
0 0.6882284382284383 0.35589171974522293 0.06177156177156177 0.052547770700636945
2 0.8805361305361306 0.7189490445859873 0.06177156177156177 0.052547770700636945
0 0.5664335664335665 0.7054140127388535 0.03263403263403263 0.07961783439490445
1 0.5192307692307693 0.642515923566879 0.05944055944055944 0.1321656050955414
1 0.4562937062937063 0.6679936305732485 0.05944055944055944 0.1321656050955414
