0 0.7622377622377622 0.6576433121019108 0.07925407925407925 0.15286624203821655
2 0.6888111888111889 0.4570063694267516 0.030303030303030304 0.07961783439490445
1 0.09382284382284382 0.4164012738853503 0.054778554778554776 0.11305732484076433
2 0.06118881118881119 0.6990445859872612 0.029137529137529136 0.0732484076433121
0 0.44696969696969696 0.20939490445859874 0.03146853146853147 0.07484076433121019
1 0.1381118881118881 0.875 0.06177156177156177 0.12898089171974522
1 0.8782051282051282 0.5581210191082803 0.05944055944055944 0.1321656050955414
0 0.4160839160839161 0.535828025477707 0.09557109557109557 0.18630573248407642
2 0.23193473193473194 0.2300955414012739 0.06060606060606061 0.03662420382165605
2 0.5238927738927739 0.14012738853503184 0.038461538461538464 0.08598726114649681
