1 0.42715617715617715 0.8113057324840764 0.09673659673659674 0.05573248407643312
1 0.49125874125874125 0.4052547770700637 0.015151515151515152 0.04617834394904458
1 0.9696969696969697 0.893312101910828 0.02097902097902098 0.06687898089171974
0 0.7196969696969697 0.5023885350318471 0.03613053613053613 0.07484076433121019
0 0.8805361305361306 0.5429936305732485 0.07575757575757576 0.054140127388535034
1 0.09090909090909091 0.5477707006369427 0.06526806526806526 0.1305732484076433
2 0.29545454545454547 0.34076433121019106 0.038461538461538464 0.07961783439490445
1 0.23076923076923078 0.7022292993630573 0.018648018648018648 0.022292993630573247
2 0.708041958041958 0.8765923566878981 0.03613053613053613 0.07484076433121019
1 0.1853146853146853 0.0589171974522293 0.023310023310023312 0.025477707006369428
