1 0.6958041958041958 0.3232484076433121 0.04428904428904429 0.10828025477707007
0 0.752913752913753 0.10509554140127389 0.053613053613053616 0.04777070063694268
2 0.6433566433566433 0.22213375796178345 0.037296037296037296 0.08439490445859872
1 0.10372960372960373 0.3877388535031847 0.037296037296037296 0.08121019108280254
1 0.8624708624708625 0.731687898089172 0.08158508158508158 0.06210191082802548
1 0.2668997668997669 0.535828025477707 0.030303030303030304 0.08439490445859872
2 0.9504662004662005 0.6632165605095541 0.038461538461538464 0.08439490445859872
2 0.844988344988345 0.446656050955414 0.030303030303030304 0.07165605095541401
1 0.9393939393939394 0.4681528662420382 0.08158508158508158 0.05732484076433121
1 0.4201631701631702 0.929140127388535 0.05944055944055944 0.1321656050955414
