1 0.10547785547785547 0.8988853503184714 0.045454545454545456 0.1321656050955414
1 0.6462703962703963 0.6090764331210191 0.029137529137529136 0.09076433121019108
0 0.17773892773892774 0.5199044585987261 0.038461538461538464 0.08439490445859872
1 0.4224941724941725 0.4601910828025478 0.029137529137529136 0.07961783439490445
1 0.07692307692307693 0.1337579617834395 0.04895104895104895 0.044585987261146494
1 0.4935897435897436 0.1807324840764331 0.05944055944055944 0.03980891719745223
0 0.1993006993006993 0.24044585987261147 0.03496503496503497 0.0732484076433121
1 0.30361305361305363 0.19187898089171976 0.054778554778554776 0.042993630573248405
0 0.9026806526806527 0.2770700636942675 0.054778554778554776 0.07961783439490445
1 0.6334498834498834 0.9355095541401274 0.09207459207459208 0.08121019108280254
