0 0.62995337995338 0.7515923566878981 0.10372960372960373 0.11146496815286625
2 0.9778554778554779 0.6027070063694268 0.030303030303030304 0.07165605095541401
1 0.7296037296037297 0.49522292993630573 0.07925407925407925 0.07006369426751592
1 0.40967365967365965 0.8105095541401274 0.05244755244755245 0.1464968152866242
1 0.8927738927738927 0.11863057324840764 0.046620046620046623 0.1321656050955414
2 0.3811188811188811 0.464171974522293 0.039627039627039624 0.08121019108280254
1 0.47435897435897434 0.7436305732484076 0.037296037296037296 0.03184713375796178
1 0.8706293706293706 0.25955414012738853 0.016317016317016316 0.054140127388535034
1 0.30244755244755245 0.9195859872611465 0.019813519813519812 0.06528662420382166
0 0.06701631701631702 0.7436305732484076 0.05244755244755245 0.044585987261146494
