1 0.07051282051282051 0.12181528662420382 0.05944055944055944 0.03662420382165605
2 0.5291375291375291 0.6289808917197452 0.03263403263403263 0.09554140127388536
0 0.229020979020979 0.8415605095541401 0.07575757575757576 0.04617834394904458
2 0.23135198135198135 0.7595541401273885 0.024475524475524476 0.07006369426751592
1 0.2907925407925408 0.20382165605095542 0.019813519813519812 0.05732484076433121
1 0.22785547785547786 0.18312101910828024 0.05944055944055944 0.1305732484076433
0 0.40384615384615385 0.5796178343949044 0.1386946386946387 0.1178343949044586
1 0.8484848484848485 0.7396496815286624 0.03496503496503497 0.0875796178343949
0 0.9155011655011654 0.07085987261146497 0.029137529137529136 0.07165605095541401
2 0.8385780885780886 0.09076433121019108 0.0337995337995338 0.08917197452229299
