1 0.22202797202797203 0.3638535031847134 0.0641025641025641 0.0589171974522293
1 0.3945221445221445 0.4872611464968153 0.1386946386946387 0.09554140127388536
1 0.047785547785547784 0.5557324840764332 0.07925407925407925 0.07006369426751592
1 0.6771561771561772 0.8439490445859873 0.023310023310023312 0.050955414012738856
2 0.08100233100233101 0.7762738853503185 0.0337995337995338 0.07802547770700637
1 0.5099067599067599 0.18789808917197454 0.05944055944055944 0.1305732484076433
1 0.7680652680652681 0.7539808917197452 0.046620046620046623 0.11305732484076433
1 0.7465034965034965 0.07563694267515923 0.03146853146853147 0.042993630573248405
1 0.8886946386946387 0.9315286624203821 0.10839160839160839 0.11146496815286625
0 0.9522144522144522 0.7404458598726115 0.06993006993006994 0.06369426751592357
