1 0.4784382284382284 0.15605095541401273 0.054778554778554776 0.12101910828025478
0 0.34207459207459207 0.5597133757961783 0.054778554778554776 0.042993630573248405
0 0.5081585081585082 0.8964968152866242 0.07925407925407925 0.07006369426751592
0 0.9504662004662005 0.9307324840764332 0.09207459207459208 0.08121019108280254
1 0.6293706293706294 0.8519108280254777 0.13752913752913754 0.11464968152866242
2 0.7511655011655012 0.2515923566878981 0.08508158508158509 0.054140127388535034
1 0.8053613053613053 0.9490445859872612 0.016317016317016316 0.054140127388535034
2 0.2925407925407925 0.49761146496815284 0.030303030303030304 0.07165605095541401
1 0.8333333333333334 0.41003184713375795 0.027972027972027972 0.06210191082802548
1 0.24533799533799533 0.5238853503184714 0.045454545454545456 0.1305732484076433
