1 0.6987179487179487 0.5382165605095541 0.05944055944055944 0.1305732484076433
2 0.45046620046620045 0.7985668789808917 0.029137529137529136 0.07802547770700637
1 0.10081585081585082 0.3184713375796178 0.05944055944055944 0.1305732484076433
1 0.5011655011655012 0.5095541401273885 0.053613053613053616 0.04777070063694268
1 0.25757575757575757 0.20780254777070065 0.053613053613053616 0.07802547770700637
0 0.20862470862470864 0.9211783439490446 0.08391608391608392 0.07802547770700637
1 0.4114219114219114 0.5199044585987261 0.039627039627039624 0.02388535031847134
1 0.4731934731934732 0.41878980891719747 0.07692307692307693 0.06687898089171974
0 0.32400932400932403 0.06050955414012739 0.06060606060606061 0.1178343949044586
1 0.19055944055944055 0.7356687898089171 0.08275058275058275 0.06050955414012739
