1 0.6555944055944056 0.3144904458598726 0.09673659673659674 0.08121019108280254
2 0.25815850815850816 0.9323248407643312 0.06177156177156177 0.052547770700636945
1 0.574009324009324 0.6353503184713376 0.05944055944055944 0.1305732484076433
1 0.8828671328671329 0.12261146496815287 0.019813519813519812 0.06687898089171974
2 0.6824009324009324 0.7882165605095541 0.029137529137529136 0.09554140127388536
1 0.1258741258741259 0.2818471337579618 0.037296037296037296 0.054140127388535034
0 0.10081585081585082 0.7635350318471338 0.06177156177156177 0.12898089171974522
1 0.030885780885780884 0.9219745222929936 0.05710955710955711 0.03503184713375796
0 0.5576923076923077 0.8909235668789809 0.11538461538461539 0.10668789808917198
2 0.4603729603729604 0.5135350318471338 0.03496503496503497 0.10031847133757962
