0 0.9726107226107226 0.3590764331210191 0.022144522144522144 0.06210191082802548
1 0.9778554778554779 0.7173566878980892 0.039627039627039624 0.02388535031847134
1 0.6101398601398601 0.21815286624203822 0.13403263403263405 0.09554140127388536
1 0.3333333333333333 0.5820063694267515 0.037296037296037296 0.1035031847133758
2 0.41083916083916083 0.16480891719745222 0.054778554778554776 0.11305732484076433
1 0.25582750582750585 0.73328025477707 0.054778554778554776 0.03662420382165605
1 0.87004662004662 0.696656050955414 0.04312354312354312 0.11305732484076433
1 0.8951048951048951 0.8622611464968153 0.06060606060606061 0.03980891719745223
2 0.8589743589743589 0.42197452229299365 0.08158508158508158 0.054140127388535034
1 0.3997668997668998 0.33996815286624205 0.08158508158508158 0.06210191082802548
