1 0.8315850815850816 0.4410828025477707 0.05944055944055944 0.1305732484076433
1 0.7447552447552448 0.08519108280254777 0.03263403263403263 0.07802547770700637
2 0.11130536130536131 0.30971337579617836 0.03146853146853147 0.07484076433121019
2 0.2913752913752914 0.7969745222929936 0.030303030303030304 0.07165605095541401
0 0.8648018648018648 0.6130573248407644 0.037296037296037296 0.054140127388535034
1 0.09965034965034965 0.6584394904458599 0.09673659673659674 0.08121019108280254
0 0.168997668997669 0.05334394904458599 0.06293706293706294 0.052547770700636945
2 0.9498834498834499 0.7842356687898089 0.053613053613053616 0.03662420382165605
2 0.14277389277389277 0.9148089171974523 0.038461538461538464 0.07484076433121019
2 0.5728438228438228 0.14012738853503184 0.0337995337995338 0.10509554140127389
