1 0.04487179487179487 0.8359872611464968 0.05944055944055944 0.1305732484076433
2 0.40734265734265734 0.3909235668789809 0.024475524475524476 0.06528662420382166
2 0.6876456876456877 0.17277070063694266 0.018648018648018648 0.0589171974522293
2 0.6765734265734266 0.7818471337579618 0.0337995337995338 0.08598726114649681
1 0.7406759906759907 0.8781847133757962 0.038461538461538464 0.02388535031847134
1 0.050699300699300696 0.32245222929936307 0.026806526806526808 0.08439490445859872
1 0.4201631701631702 0.7030254777070064 0.054778554778554776 0.11942675159235669
1 0.5658508158508159 0.2213375796178344 0.05944055944055944 0.1305732484076433
2 0.6293706293706294 0.48487261146496813 0.027972027972027972 0.06847133757961783
1 0.47086247086247085 0.8232484076433121 0.030303030303030304 0.06369426751592357
