1 0.527972027972028 0.9426751592356688 0.09557109557109557 0.07006369426751592
1 0.2744755244755245 0.8017515923566879 0.03146853146853147 0.09076433121019108
1 0.5658508158508159 0.16719745222929935 0.05944055944055944 0.1305732484076433
1 0.6812354312354313 0.7117834394904459 0.1317016317016317 0.09554140127388536
2 0.8391608391608392 0.7340764331210191 0.07692307692307693 0.050955414012738856
1 0.2942890442890443 0.8813694267515924 0.06177156177156177 0.04936305732484077
0 0.5174825174825175 0.8519108280254777 0.09324009324009325 0.09872611464968153
0 0.45104895104895104 0.48009554140127386 0.07459207459207459 0.1321656050955414
1 0.817016317016317 0.8081210191082803 0.07692307692307693 0.06210191082802548
1 0.2698135198135198 0.6122611464968153 0.13403263403263405 0.0875796178343949
