2 0.11188811188811189 0.6090764331210191 0.039627039627039624 0.10668789808917198
2 0.5303030303030303 0.927547770700637 0.037296037296037296 0.08439490445859872
1 0.4935897435897436 0.23328025477707007 0.03613053613053613 0.04936305732484077
1 0.5705128205128205 0.6321656050955414 0.05944055944055944 0.1305732484076433
1 0.7703962703962703 0.16321656050955413 0.030303030303030304 0.0875796178343949
1 0.3956876456876457 0.29538216560509556 0.05944055944055944 0.1321656050955414
1 0.7511655011655012 0.7460191082802548 0.08275058275058275 0.07484076433121019
0 0.08275058275058275 0.06926751592356688 0.06293706293706294 0.052547770700636945
1 0.3583916083916084 0.6950636942675159 0.05944055944055944 0.1321656050955414
1 0.5343822843822844 0.19665605095541402 0.017482517482517484 0.052547770700636945
