1 0.8356643356643356 0.09792993630573249 0.03496503496503497 0.10031847133757962
1 0.796037296037296 0.0804140127388535 0.027972027972027972 0.04936305732484077
0 0.2523310023310023 0.1321656050955414 0.03146853146853147 0.07006369426751592
1 0.9498834498834499 0.7778662420382165 0.08158508158508158 0.06210191082802548
1 0.668997668997669 0.4339171974522293 0.030303030303030304 0.08439490445859872
2 0.17715617715617715 0.8829617834394905 0.10955710955710955 0.07484076433121019
1 0.7377622377622378 0.8192675159235668 0.03496503496503497 0.027070063694267517
1 0.45163170163170163 0.7523885350318471 0.09673659673659674 0.08121019108280254
2 0.921911421911422 0.3351910828025478 0.04195804195804196 0.08439490445859872
1 0.6404428904428905 0.535828025477707 0.017482517482517484 0.052547770700636945
