2 0.24242424242424243 0.31130573248407645 0.027972027972027972 0.07484076433121019
2 0.21153846153846154 0.23964968152866242 0.05944055944055944 0.04617834394904458
1 0.9621212121212122 0.06289808917197452 0.038461538461538464 0.030254777070063694
0 0.8787878787878788 0.8152866242038217 0.037296037296037296 0.08280254777070063
1 0.581002331002331 0.45621019108280253 0.045454545454545456 0.12261146496815287
0 0.07517482517482517 0.058121019108280256 0.06876456876456877 0.05573248407643312
1 0.5215617715617715 0.5796178343949044 0.045454545454545456 0.1305732484076433
1 0.2365967365967366 0.37579617834394907 0.039627039627039624 0.022292993630573247
1 0.7156177156177156 0.4713375796178344 0.1445221445221445 0.08917197452229299
1 0.7406759906759907 0.2070063694267516 0.0337995337995338 0.0732484076433121
