1 0.20337995337995338 0.625 0.09673659673659674 0.08121019108280254
2 0.8135198135198135 0.49522292993630573 0.023310023310023312 0.07006369426751592
1 0.8677156177156177 0.7651273885350318 0.08741258741258741 0.07484076433121019
0 0.5308857808857809 0.6711783439490446 0.038461538461538464 0.08439490445859872
2 0.47027972027972026 0.09792993630573249 0.03146853146853147 0.07484076433121019
1 0.5635198135198135 0.392515923566879 0.04312354312354312 0.09076433121019108
1 0.40617715617715616 0.5 0.06643356643356643 0.044585987261146494
1 0.20512820512820512 0.1679936305732484 0.08158508158508158 0.06210191082802548
1 0.14801864801864803 0.2961783439490446 0.02564102564102564 0.07643312101910828
1 0.19755244755244755 0.09394904458598727 0.06876456876456877 0.041401273885350316
