1 0.5448717948717948 0.572452229299363 0.05944055944055944 0.1321656050955414
2 0.17482517482517482 0.6640127388535032 0.018648018648018648 0.050955414012738856
0 0.4020979020979021 0.21019108280254778 0.06993006993006994 0.1337579617834395
1 0.15326340326340326 0.4211783439490446 0.08974358974358974 0.0589171974522293
1 0.1182983682983683 0.21496815286624205 0.04079254079254079 0.025477707006369428
2 0.0641025641025641 0.5676751592356688 0.07226107226107226 0.042993630573248405
2 0.15675990675990675 0.8431528662420382 0.06177156177156177 0.052547770700636945
2 0.041375291375291376 0.20382165605095542 0.029137529137529136 0.08280254777070063
1 0.8735431235431236 0.8726114649681529 0.13403263403263405 0.09872611464968153
1 0.057692307692307696 0.0875796178343949 0.054778554778554776 0.1337579617834395
