0 0.581002331002331 0.36544585987261147 0.07575757575757576 0.04617834394904458
0 0.8315850815850816 0.446656050955414 0.054778554778554776 0.09394904458598727
0 0.2057109557109557 0.10987261146496816 0.03613053613053613 0.04777070063694268
0 0.28438228438228436 0.695859872611465 0.07925407925407925 0.07006369426751592
1 0.058857808857808856 0.8160828025477707 0.04079254079254079 0.12261146496815287
1 0.9638694638694638 0.2603503184713376 0.03263403263403263 0.07802547770700637
0 0.3787878787878788 0.6671974522292994 0.0979020979020979 0.09235668789808917
2 0.12062937062937062 0.9546178343949044 0.05944055944055944 0.052547770700636945
2 0.10314685314685315 0.43710191082802546 0.05710955710955711 0.04617834394904458
1 0.7068764568764568 0.6257961783439491 0.05944055944055944 0.1305732484076433
