1 0.08041958041958042 0.3893312101910828 0.03263403263403263 0.0875796178343949
1 0.6118881118881119 0.45063694267515925 0.11188811188811189 0.11464968152866242
0 0.7331002331002331 0.9546178343949044 0.037296037296037296 0.0875796178343949
2 0.40326340326340326 0.3893312101910828 0.030303030303030304 0.07165605095541401
1 0.40559440559440557 0.5103503184713376 0.08158508158508158 0.06210191082802548
1 0.16666666666666666 0.32643312101910826 0.13752913752913754 0.11464968152866242
2 0.2902097902097902 0.7030254777070064 0.08158508158508158 0.04936305732484077
1 0.26573426573426573 0.16401273885350318 0.05827505827505827 0.03503184713375796
0 0.717948717948718 0.4068471337579618 0.06293706293706294 0.052547770700636945
1 0.6486013986013986 0.6520700636942676 0.054778554778554776 0.08121019108280254
