1 0.7587412587412588 0.7245222929936306 0.037296037296037296 0.08917197452229299
2 0.1317016317016317 0.2515923566878981 0.06060606060606061 0.1178343949044586
1 0.6561771561771562 0.8320063694267515 0.07226107226107226 0.14171974522292993
1 0.12004662004662005 0.7699044585987261 0.030303030303030304 0.06847133757961783
1 0.1317016317016317 0.6154458598726115 0.07459207459207459 0.1321656050955414
1 0.28613053613053613 0.8590764331210191 0.03613053613053613 0.07165605095541401
1 0.03787878787878788 0.11464968152866242 0.017482517482517484 0.054140127388535034
1 0.5996503496503497 0.2571656050955414 0.06177156177156177 0.03980891719745223
2 0.38636363636363635 0.11544585987261147 0.06643356643356643 0.03980891719745223
1 0.9562937062937062 0.5087579617834395 0.047785547785547784 0.06210191082802548
