1 0.30011655011655014 0.6480891719745223 0.0337995337995338 0.0732484076433121
1 0.8589743589743589 0.06050955414012739 0.018648018648018648 0.050955414012738856
1 0.8782051282051282 0.9601910828025477 0.08741258741258741 0.07006369426751592
1 0.5600233100233101 0.14171974522292993 0.06876456876456877 0.04777070063694268
1 0.38694638694638694 0.1664012738853503 0.039627039627039624 0.02388535031847134
1 0.7942890442890443 0.5565286624203821 0.054778554778554776 0.11305732484076433
0 0.3572261072261072 0.9402866242038217 0.05710955710955711 0.04617834394904458
1 0.6777389277389277 0.1449044585987261 0.03613053613053613 0.04777070063694268
1 0.6847319347319347 0.8678343949044586 0.038461538461538464 0.07643312101910828
2 0.9446386946386947 0.20063694267515925 0.0944055944055944 0.06050955414012739
