0 0.5437062937062938 0.8622611464968153 0.03146853146853147 0.06210191082802548
1 0.32226107226107226 0.8734076433121019 0.04312354312354312 0.11942675159235669
1 0.7418414918414918 0.4004777070063694 0.03146853146853147 0.06210191082802548
1 0.8933566433566433 0.5613057324840764 0.017482517482517484 0.04936305732484077
0 0.7534965034965035 0.6234076433121019 0.08275058275058275 0.07484076433121019
2 0.36655011655011654 0.8415605095541401 0.022144522144522144 0.06528662420382166
0 0.2715617715617716 0.49044585987261147 0.14219114219114218 0.11464968152866242
0 0.7231934731934732 0.8829617834394905 0.0337995337995338 0.07165605095541401
1 0.5967365967365967 0.14968152866242038 0.06293706293706294 0.041401273885350316
1 0.0775058275058275 0.14251592356687898 0.09207459207459208 0.06528662420382166
