1 0.47494172494172493 0.6194267515923567 0.024475524475524476 0.06687898089171974
1 0.9102564102564102 0.19585987261146498 0.046620046620046623 0.10509554140127389
2 0.6765734265734266 0.8861464968152867 0.0337995337995338 0.07802547770700637
0 0.21445221445221446 0.15843949044585987 0.06293706293706294 0.052547770700636945
1 0.6410256410256411 0.042993630573248405 0.06060606060606061 0.06050955414012739
2 0.6870629370629371 0.3471337579617834 0.038461538461538464 0.08280254777070063
2 0.8065268065268065 0.5668789808917197 0.07459207459207459 0.050955414012738856
1 0.44405594405594406 0.3447452229299363 0.05827505827505827 0.04617834394904458
0 0.42715617715617715 0.1982484076433121 0.03613053613053613 0.07165605095541401
0 0.2400932400932401 0.47054140127388533 0.06060606060606061 0.06528662420382166
