1 0.17657342657342656 0.6098726114649682 0.08741258741258741 0.07006369426751592
2 0.24825174825174826 0.607484076433121 0.053613053613053616 0.042993630573248405
0 0.8385780885780886 0.8909235668789809 0.0641025641025641 0.0589171974522293
1 0.6585081585081585 0.08996815286624203 0.03496503496503497 0.02388535031847134
0 0.21212121212121213 0.4625796178343949 0.030303030303030304 0.07165605095541401
1 0.5944055944055944 0.05732484076433121 0.05128205128205128 0.044585987261146494
1 0.3531468531468531 0.5222929936305732 0.02564102564102564 0.06687898089171974
0 0.19347319347319347 0.11942675159235669 0.055944055944055944 0.050955414012738856
1 0.10722610722610723 0.9116242038216561 0.08158508158508158 0.06210191082802548
1 0.11655011655011654 0.39729299363057324 0.027972027972027972 0.07802547770700637
