1 0.042540792540792544 0.07404458598726114 0.054778554778554776 0.11942675159235669
2 0.8618881118881119 0.1321656050955414 0.029137529137529136 0.08917197452229299
1 0.08275058275058275 0.6457006369426752 0.08158508158508158 0.06210191082802548
1 0.4230769230769231 0.5214968152866242 0.04195804195804196 0.03980891719745223
1 0.8315850815850816 0.1910828025477707 0.017482517482517484 0.050955414012738856
1 0.5932400932400932 0.5788216560509554 0.055944055944055944 0.11942675159235669
2 0.08682983682983683 0.9116242038216561 0.03146853146853147 0.07802547770700637
1 0.5186480186480187 0.09792993630573249 0.08158508158508158 0.06210191082802548
1 0.33974358974358976 0.18471337579617833 0.0944055944055944 0.06050955414012739
1 0.6258741258741258 0.20063694267515925 0.023310023310023312 0.050955414012738856
