1 0.3752913752913753 0.714171974522293 0.07459207459207459 0.18630573248407642
2 0.07051282051282051 0.6695859872611465 0.06177156177156177 0.052547770700636945
0 0.9493006993006993 0.035828025477707005 0.06177156177156177 0.052547770700636945
1 0.8100233100233101 0.9068471337579618 0.0675990675990676 0.17993630573248406
1 0.18240093240093241 0.7245222929936306 0.05710955710955711 0.03503184713375796
2 0.11072261072261072 0.49920382165605093 0.02097902097902098 0.06528662420382166
1 0.07925407925407925 0.22054140127388536 0.04895104895104895 0.042993630573248405
2 0.2092074592074592 0.4864649681528662 0.03146853146853147 0.020700636942675158
1 0.27972027972027974 0.35429936305732485 0.04195804195804196 0.12261146496815287
0 0.796037296037296 0.1695859872611465 0.06293706293706294 0.04936305732484077
