1 0.9370629370629371 0.5063694267515924 0.06060606060606061 0.041401273885350316
1 0.08216783216783216 0.7969745222929936 0.1386946386946387 0.09713375796178345
1 0.6206293706293706 0.28105095541401276 0.017482517482517484 0.052547770700636945
1 0.5501165501165501 0.4498407643312102 0.09557109557109557 0.06210191082802548
1 0.20163170163170163 0.3351910828025478 0.10955710955710955 0.06847133757961783
1 0.6882284382284383 0.09952229299363058 0.09673659673659674 0.08121019108280254
0 0.5262237762237763 0.20780254777070065 0.038461538461538464 0.08439490445859872
0 0.28846153846153844 0.24044585987261147 0.06876456876456877 0.08280254777070063
1 0.4254079254079254 0.1377388535031847 0.04428904428904429 0.12261146496815287
2 0.6241258741258742 0.5772292993630573 0.06177156177156177 0.052547770700636945
