2 0.1445221445221445 0.4753184713375796 0.08158508158508158 0.04617834394904458
1 0.817016317016317 0.5055732484076433 0.08158508158508158 0.0589171974522293
1 0.1958041958041958 0.8017515923566879 0.0675990675990676 0.1735668789808917
1 0.9242424242424242 0.19028662420382167 0.08624708624708624 0.0589171974522293
2 0.594988344988345 0.7245222929936306 0.038461538461538464 0.08280254777070063
1 0.18123543123543123 0.6807324840764332 0.03613053613053613 0.04936305732484077
1 0.6427738927738927 0.38455414012738853 0.05944055944055944 0.1321656050955414
1 0.29603729603729606 0.5597133757961783 0.04428904428904429 0.11624203821656051
1 0.7593240093240093 0.1393312101910828 0.045454545454545456 0.11305732484076433
1 0.5134032634032634 0.38057324840764334 0.017482517482517484 0.054140127388535034
