0 0.7604895104895105 0.9323248407643312 0.08741258741258741 0.0875796178343949
1 0.8216783216783217 0.7914012738853503 0.016317016317016316 0.050955414012738856
1 0.34440559440559443 0.7173566878980892 0.05944055944055944 0.1321656050955414
0 0.3916083916083916 0.5453821656050956 0.05128205128205128 0.04617834394904458
2 0.09848484848484848 0.4697452229299363 0.06177156177156177 0.050955414012738856
2 0.6847319347319347 0.45621019108280253 0.026806526806526808 0.07484076433121019
1 0.75 0.31528662420382164 0.08741258741258741 0.07006369426751592
1 0.06934731934731934 0.1695859872611465 0.054778554778554776 0.11305732484076433
2 0.8572261072261073 0.17914012738853502 0.05710955710955711 0.03662420382165605
0 0.15093240093240093 0.2659235668789809 0.038461538461538464 0.03184713375796178
