1 0.8123543123543123 0.6409235668789809 0.09557109557109557 0.08121019108280254
1 0.1282051282051282 0.9506369426751592 0.05827505827505827 0.03503184713375796
2 0.7435897435897436 0.3176751592356688 0.02097902097902098 0.06528662420382166
2 0.7948717948717948 0.8909235668789809 0.030303030303030304 0.07165605095541401
1 0.40675990675990675 0.5509554140127388 0.04428904428904429 0.10828025477707007
1 0.12645687645687645 0.10031847133757962 0.045454545454545456 0.1305732484076433
2 0.36305361305361306 0.2746815286624204 0.06177156177156177 0.052547770700636945
1 0.40326340326340326 0.10191082802547771 0.09557109557109557 0.06050955414012739
2 0.42832167832167833 0.40923566878980894 0.054778554778554776 0.044585987261146494
1 0.2803030303030303 0.052547770700636945 0.017482517482517484 0.050955414012738856
