1 0.05128205128205128 0.49601910828025475 0.08158508158508158 0.0589171974522293
1 0.3135198135198135 0.2444267515923567 0.06293706293706294 0.03662420382165605
2 0.6421911421911422 0.5923566878980892 0.03263403263403263 0.06687898089171974
1 0.43123543123543123 0.3065286624203822 0.055944055944055944 0.1035031847133758
1 0.8904428904428905 0.11624203821656051 0.08158508158508158 0.06050955414012739
2 0.6800699300699301 0.37977707006369427 0.05944055944055944 0.042993630573248405
1 0.9353146853146853 0.8686305732484076 0.05944055944055944 0.1321656050955414
2 0.049533799533799536 0.7125796178343949 0.06177156177156177 0.052547770700636945
1 0.06526806526806526 0.2484076433121019 0.04428904428904429 0.11464968152866242
2 0.270979020979021 0.9562101910828026 0.05944055944055944 0.03980891719745223
