1 0.6520979020979021 0.8447452229299363 0.05944055944055944 0.1321656050955414
1 0.9691142191142191 0.40764331210191085 0.05944055944055944 0.1305732484076433
1 0.7441724941724942 0.5302547770700637 0.10139860139860139 0.08280254777070063
0 0.47086247086247085 0.8829617834394905 0.039627039627039624 0.08439490445859872
0 0.9102564102564102 0.7953821656050956 0.09557109557109557 0.07802547770700637
2 0.7261072261072261 0.8200636942675159 0.06060606060606061 0.03821656050955414
2 0.05011655011655012 0.6234076433121019 0.027972027972027972 0.06847133757961783
1 0.5967365967365967 0.08837579617834394 0.04428904428904429 0.12579617834394904
2 0.6841491841491841 0.4171974522292994 0.037296037296037296 0.09872611464968153
1 0.8805361305361306 0.17834394904458598 0.017482517482517484 0.054140127388535034
