2 0.6847319347319347 0.5294585987261147 0.0337995337995338 0.07802547770700637
0 0.6917249417249417 0.285828025477707 0.038461538461538464 0.08439490445859872
0 0.21153846153846154 0.9323248407643312 0.0641025641025641 0.0589171974522293
1 0.47202797202797203 0.037420382165605094 0.037296037296037296 0.020700636942675158
1 0.15034965034965034 0.2285031847133758 0.06993006993006994 0.18312101910828024
1 0.5396270396270396 0.04538216560509554 0.04195804195804196 0.02388535031847134
1 0.7406759906759907 0.18630573248407642 0.0641025641025641 0.041401273885350316
2 0.046620046620046623 0.2730891719745223 0.08158508158508158 0.04617834394904458
1 0.1252913752913753 0.8328025477707006 0.03613053613053613 0.0732484076433121
1 0.7692307692307693 0.8550955414012739 0.03496503496503497 0.054140127388535034
