2 0.5314685314685315 0.7173566878980892 0.05128205128205128 0.030254777070063694
2 0.027389277389277388 0.04219745222929936 0.029137529137529136 0.07802547770700637
2 0.7162004662004662 0.589968152866242 0.03146853146853147 0.08121019108280254
1 0.07925407925407925 0.5246815286624203 0.04195804195804196 0.12579617834394904
1 0.13694638694638694 0.6186305732484076 0.0337995337995338 0.09076433121019108
1 0.8315850815850816 0.06289808917197452 0.08508158508158509 0.07484076433121019
2 0.7243589743589743 0.9211783439490446 0.038461538461538464 0.07484076433121019
1 0.7051282051282052 0.5039808917197452 0.027972027972027972 0.08121019108280254
2 0.9213286713286714 0.35429936305732485 0.022144522144522144 0.06528662420382166
2 0.0641025641025641 0.964171974522293 0.030303030303030304 0.07165605095541401
