1 0.2902097902097902 0.6886942675159236 0.08158508158508158 0.06210191082802548
1 0.8752913752913752 0.6170382165605095 0.09557109557109557 0.06210191082802548
2 0.17424242424242425 0.48328025477707004 0.05944055944055944 0.052547770700636945
0 0.1451048951048951 0.25398089171974525 0.047785547785547784 0.06210191082802548
1 0.4935897435897436 0.5613057324840764 0.05944055944055944 0.1321656050955414
1 0.736013986013986 0.4880573248407643 0.054778554778554776 0.11305732484076433
1 0.23484848484848486 0.3662420382165605 0.038461538461538464 0.022292993630573247
2 0.6858974358974359 0.12977707006369427 0.06177156177156177 0.052547770700636945
0 0.8292540792540792 0.4315286624203822 0.06643356643356643 0.04777070063694268
1 0.5087412587412588 0.22054140127388536 0.054778554778554776 0.11305732484076433
