1 0.40093240093240096 0.10111464968152867 0.013986013986013986 0.03662420382165605
0 0.3374125874125874 0.18710191082802546 0.054778554778554776 0.11305732484076433
1 0.48543123543123545 0.20461783439490447 0.029137529137529136 0.08121019108280254
1 0.5996503496503497 0.11703821656050956 0.06643356643356643 0.1735668789808917
1 0.1993006993006993 0.3821656050955414 0.07692307692307693 0.1337579617834395
1 0.8525641025641025 0.35270700636942676 0.0641025641025641 0.04936305732484077
1 0.87004662004662 0.14251592356687898 0.03146853146853147 0.08439490445859872
1 0.9411421911421911 0.3535031847133758 0.09906759906759907 0.08917197452229299
1 0.7907925407925408 0.4713375796178344 0.08275058275058275 0.18789808917197454
0 0.4230769230769231 0.13455414012738853 0.027972027972027972 0.06847133757961783
