0 0.5378787878787878 0.5979299363057324 0.08275058275058275 0.07484076433121019
2 0.3350815850815851 0.38455414012738853 0.026806526806526808 0.08121019108280254
1 0.2511655011655012 0.5613057324840764 0.05944055944055944 0.1321656050955414
1 0.06293706293706294 0.5453821656050956 0.03496503496503497 0.052547770700636945
2 0.23717948717948717 0.3192675159235669 0.05944055944055944 0.052547770700636945
2 0.14685314685314685 0.18869426751592358 0.030303030303030304 0.07165605095541401
1 0.6153846153846154 0.4585987261146497 0.03263403263403263 0.07006369426751592
2 0.10664335664335664 0.6656050955414012 0.03146853146853147 0.07961783439490445
1 0.3245920745920746 0.6385350318471338 0.07575757575757576 0.054140127388535034
2 0.2400932400932401 0.6488853503184714 0.05827505827505827 0.03662420382165605
