0 0.585081585081585 0.3017515923566879 0.04428904428904429 0.0589171974522293
0 0.6252913752913752 0.13296178343949044 0.06177156177156177 0.052547770700636945
1 0.9673659673659674 0.6990445859872612 0.055944055944055944 0.054140127388535034
0 0.3560606060606061 0.6536624203821656 0.06643356643356643 0.06528662420382166
2 0.6806526806526807 0.1393312101910828 0.030303030303030304 0.07484076433121019
2 0.1987179487179487 0.21815286624203822 0.045454545454545456 0.1305732484076433
1 0.5314685314685315 0.34156050955414013 0.055944055944055944 0.03662420382165605
1 0.7977855477855478 0.30254777070063693 0.04312354312354312 0.028662420382165606
0 0.9516317016317016 0.4052547770700637 0.038461538461538464 0.08439490445859872
1 0.865967365967366 0.3980891719745223 0.05827505827505827 0.03821656050955414
