0 0.22727272727272727 0.517515923566879 0.053613053613053616 0.04777070063694268
0 0.09498834498834499 0.8128980891719745 0.06177156177156177 0.11305732484076433
1 0.6946386946386947 0.5565286624203821 0.06060606060606061 0.04936305732484077
0 0.9632867132867133 0.5199044585987261 0.054778554778554776 0.11305732484076433
2 0.229020979020979 0.6552547770700637 0.0337995337995338 0.1035031847133758
1 0.36596736596736595 0.49203821656050956 0.08158508158508158 0.06050955414012739
1 0.050699300699300696 0.6257961783439491 0.06876456876456877 0.054140127388535034
1 0.15967365967365968 0.4697452229299363 0.018648018648018648 0.054140127388535034
1 0.539044289044289 0.3320063694267516 0.05944055944055944 0.1321656050955414
1 0.11305361305361306 0.18789808917197454 0.05128205128205128 0.07961783439490445
