2 0.3677156177156177 0.5549363057324841 0.054778554778554776 0.03980891719745223
0 0.5984848484848485 0.8765923566878981 0.054778554778554776 0.11305732484076433
1 0.9003496503496503 0.42754777070063693 0.017482517482517484 0.052547770700636945
1 0.035547785547785545 0.5390127388535032 0.05944055944055944 0.1321656050955414
1 0.7814685314685315 0.7714968152866242 0.017482517482517484 0.052547770700636945
1 0.6631701631701632 0.10031847133757962 0.030303030303030304 0.09235668789808917
0 0.3886946386946387 0.49761146496815284 0.038461538461538464 0.06847133757961783
2 0.5710955710955711 0.7006369426751592 0.053613053613053616 0.03821656050955414
0 0.11072261072261072 0.32404458598726116 0.053613053613053616 0.04936305732484077
0 0.6532634032634033 0.8757961783439491 0.045454545454545456 0.10828025477707007
