1 0.5262237762237763 0.3606687898089172 0.05944055944055944 0.1321656050955414
2 0.2331002331002331 0.7444267515923567 0.027972027972027972 0.06847133757961783
2 0.8362470862470862 0.6855095541401274 0.10372960372960373 0.07802547770700637
1 0.8642191142191142 0.5230891719745223 0.05944055944055944 0.1321656050955414
1 0.11713286713286714 0.696656050955414 0.13636363636363635 0.09394904458598727
2 0.029137529137529136 0.5804140127388535 0.027972027972027972 0.06847133757961783
1 0.912004662004662 0.4251592356687898 0.03613053613053613 0.0732484076433121
2 0.8181818181818182 0.38136942675159236 0.030303030303030304 0.07165605095541401
1 0.9289044289044289 0.8710191082802548 0.05827505827505827 0.03821656050955414
2 0.3747086247086247 0.5246815286624203 0.0337995337995338 0.09713375796178345
