2 0.5629370629370629 0.49442675159235666 0.030303030303030304 0.07165605095541401
0 0.5932400932400932 0.09394904458598727 0.037296037296037296 0.04777070063694268
0 0.40967365967365965 0.7977707006369427 0.0337995337995338 0.07961783439490445
0 0.6206293706293706 0.38455414012738853 0.038461538461538464 0.08439490445859872
2 0.32226107226107226 0.660828025477707 0.026806526806526808 0.07643312101910828
2 0.41375291375291373 0.429140127388535 0.030303030303030304 0.07165605095541401
1 0.12062937062937062 0.42038216560509556 0.05944055944055944 0.03821656050955414
1 0.4831002331002331 0.929140127388535 0.019813519813519812 0.05573248407643312
1 0.7511655011655012 0.8200636942675159 0.05011655011655012 0.1337579617834395
1 0.5466200466200466 0.8335987261146497 0.09557109557109557 0.06210191082802548
