1 0.6899766899766899 0.43789808917197454 0.016317016317016316 0.054140127388535034
1 0.034382284382284384 0.2197452229299363 0.045454545454545456 0.10828025477707007
1 0.6532634032634033 0.14570063694267515 0.08741258741258741 0.0875796178343949
1 0.30244755244755245 0.8375796178343949 0.09207459207459208 0.06369426751592357
1 0.9207459207459208 0.7826433121019108 0.09557109557109557 0.08121019108280254
2 0.20454545454545456 0.35589171974522293 0.038461538461538464 0.09076433121019108
1 0.7907925407925408 0.11544585987261147 0.09673659673659674 0.08121019108280254
2 0.12121212121212122 0.8614649681528662 0.037296037296037296 0.09554140127388536
1 0.9248251748251748 0.15843949044585987 0.03613053613053613 0.10987261146496816
0 0.8671328671328671 0.697452229299363 0.055944055944055944 0.054140127388535034
