2 0.4557109557109557 0.32245222929936307 0.027972027972027972 0.06847133757961783
0 0.08682983682983683 0.7229299363057324 0.13636363636363635 0.1337579617834395
0 0.02972027972027972 0.8964968152866242 0.054778554778554776 0.12101910828025478
1 0.48892773892773894 0.6234076433121019 0.05944055944055944 0.1321656050955414
1 0.736013986013986 0.17914012738853502 0.09207459207459208 0.06528662420382166
0 0.9055944055944056 0.12977707006369427 0.05128205128205128 0.08121019108280254
1 0.8333333333333334 0.09235668789808917 0.039627039627039624 0.10509554140127389
2 0.664918414918415 0.3447452229299363 0.0337995337995338 0.07802547770700637
0 0.37004662004662003 0.8152866242038217 0.06643356643356643 0.04777070063694268
1 0.5710955710955711 0.9601910828025477 0.018648018648018648 0.054140127388535034
