1 0.8304195804195804 0.4625796178343949 0.06876456876456877 0.06210191082802548
2 0.6911421911421911 0.5835987261146497 0.030303030303030304 0.07165605095541401
0 0.5920745920745921 0.6369426751592356 0.06060606060606061 0.05732484076433121
1 0.3968531468531469 0.589968152866242 0.06177156177156177 0.03980891719745223
2 0.7756410256410257 0.5684713375796179 0.0337995337995338 0.08917197452229299
1 0.951048951048951 0.44187898089171973 0.027972027972027972 0.08121019108280254
2 0.5343822843822844 0.304140127388535 0.05244755244755245 0.041401273885350316
1 0.09965034965034965 0.38057324840764334 0.05710955710955711 0.03821656050955414
1 0.4493006993006993 0.2754777070063694 0.04079254079254079 0.022292993630573247
1 0.6818181818181818 0.6544585987261147 0.03496503496503497 0.07006369426751592
