1 0.12645687645687645 0.45222929936305734 0.026806526806526808 0.07961783439490445
1 0.8764568764568764 0.48328025477707004 0.03263403263403263 0.07802547770700637
0 0.5705128205128205 0.285828025477707 0.054778554778554776 0.08121019108280254
1 0.5227272727272727 0.09235668789808917 0.029137529137529136 0.06369426751592357
1 0.8245920745920746 0.9721337579617835 0.06876456876456877 0.04617834394904458
2 0.5250582750582751 0.6146496815286624 0.029137529137529136 0.0732484076433121
0 0.8613053613053613 0.5780254777070064 0.0979020979020979 0.09235668789808917
2 0.14044289044289043 0.6807324840764332 0.08275058275058275 0.07484076433121019
1 0.5611888111888111 0.839171974522293 0.10372960372960373 0.11146496815286625
1 0.42424242424242425 0.3335987261146497 0.08158508158508158 0.06210191082802548
