1 0.30361305361305363 0.8590764331210191 0.04079254079254079 0.0875796178343949
1 0.953962703962704 0.7348726114649682 0.05710955710955711 0.12579617834394904
0 0.8333333333333334 0.2627388535031847 0.06993006993006994 0.06369426751592357
2 0.155011655011655 0.12977707006369427 0.039627039627039624 0.08121019108280254
2 0.34382284382284384 0.7492038216560509 0.02097902097902098 0.06210191082802548
1 0.10198135198135198 0.7237261146496815 0.054778554778554776 0.11305732484076433
2 0.0979020979020979 0.9482484076433121 0.053613053613053616 0.042993630573248405
0 0.8735431235431236 0.12898089171974522 0.0337995337995338 0.07961783439490445
0 0.7826340326340326 0.9546178343949044 0.03613053613053613 0.06528662420382166
0 0.4568764568764569 0.5764331210191083 0.06060606060606061 0.05732484076433121
