0 0.16317016317016317 0.5859872611464968 0.08158508158508158 0.08917197452229299
1 0.30536130536130535 0.42277070063694266 0.037296037296037296 0.10987261146496816
2 0.12121212121212122 0.7714968152866242 0.027972027972027972 0.06847133757961783
0 0.7756410256410257 0.08200636942675159 0.05944055944055944 0.042993630573248405
2 0.9603729603729604 0.6998407643312102 0.027972027972027972 0.06847133757961783
0 0.15034965034965034 0.25477707006369427 0.04895104895104895 0.041401273885350316
0 0.8927738927738927 0.12738853503184713 0.06993006993006994 0.12738853503184713
1 0.22144522144522144 0.4872611464968153 0.03263403263403263 0.07006369426751592
2 0.9749417249417249 0.24601910828025478 0.038461538461538464 0.08439490445859872
1 0.4959207459207459 0.32245222929936307 0.05710955710955711 0.052547770700636945
