0 0.2494172494172494 0.07085987261146497 0.053613053613053616 0.04617834394904458
0 0.5751748251748252 0.768312101910828 0.06177156177156177 0.12898089171974522
0 0.015734265734265736 0.04856687898089172 0.03146853146853147 0.042993630573248405
1 0.6410256410256411 0.5079617834394905 0.06293706293706294 0.041401273885350316
1 0.12762237762237763 0.5549363057324841 0.017482517482517484 0.05573248407643312
1 0.20745920745920746 0.5406050955414012 0.055944055944055944 0.1035031847133758
0 0.4522144522144522 0.07085987261146497 0.039627039627039624 0.08439490445859872
1 0.8601398601398601 0.6401273885350318 0.037296037296037296 0.07643312101910828
1 0.3106060606060606 0.1552547770700637 0.029137529137529136 0.08121019108280254
1 0.736013986013986 0.5509554140127388 0.017482517482517484 0.054140127388535034
