1 0.45454545454545453 0.024681528662420384 0.06993006993006994 0.04617834394904458
0 0.2762237762237762 0.49522292993630573 0.037296037296037296 0.08598726114649681
1 0.09090909090909091 0.7778662420382165 0.04895104895104895 0.042993630573248405
0 0.8234265734265734 0.0804140127388535 0.0337995337995338 0.07165605095541401
1 0.24358974358974358 0.19506369426751594 0.018648018648018648 0.05573248407643312
1 0.3315850815850816 0.16719745222929935 0.047785547785547784 0.11146496815286625
0 0.18181818181818182 0.058121019108280256 0.06060606060606061 0.04617834394904458
1 0.7395104895104895 0.37261146496815284 0.04079254079254079 0.025477707006369428
1 0.4090909090909091 0.8614649681528662 0.03263403263403263 0.05732484076433121
1 0.9294871794871795 0.5565286624203821 0.05944055944055944 0.1321656050955414
