2 0.5378787878787878 0.9068471337579618 0.045454545454545456 0.042993630573248405
0 0.13636363636363635 0.9737261146496815 0.053613053613053616 0.04936305732484077
2 0.2529137529137529 0.03901273885350318 0.05128205128205128 0.03343949044585987
0 0.9306526806526807 0.7507961783439491 0.054778554778554776 0.04936305732484077
1 0.09207459207459208 0.5597133757961783 0.039627039627039624 0.09394904458598727
1 0.8420745920745921 0.37977707006369427 0.03146853146853147 0.06210191082802548
1 0.22435897435897437 0.38455414012738853 0.08275058275058275 0.07484076433121019
0 0.3723776223776224 0.3893312101910828 0.038461538461538464 0.08439490445859872
1 0.9819347319347319 0.7062101910828026 0.03146853146853147 0.03980891719745223
2 0.6497668997668997 0.23805732484076433 0.06177156177156177 0.042993630573248405
