0 0.1794871794871795 0.8606687898089171 0.027972027972027972 0.06847133757961783
1 0.18822843822843824 0.339171974522293 0.045454545454545456 0.1305732484076433
1 0.1048951048951049 0.46337579617834396 0.08391608391608392 0.050955414012738856
1 0.17191142191142192 0.23805732484076433 0.017482517482517484 0.052547770700636945
1 0.5337995337995338 0.2484076433121019 0.055944055944055944 0.03503184713375796
1 0.7319347319347319 0.2754777070063694 0.046620046620046623 0.1178343949044586
0 0.28263403263403264 0.10589171974522293 0.054778554778554776 0.11305732484076433
0 0.5786713286713286 0.8662420382165605 0.05944055944055944 0.04777070063694268
2 0.2465034965034965 0.2746815286624204 0.03146853146853147 0.08121019108280254
1 0.8251748251748252 0.18550955414012738 0.09557109557109557 0.06210191082802548
