2 0.7867132867132867 0.5780254777070064 0.023310023310023312 0.06050955414012739
1 0.19172494172494173 0.15843949044585987 0.06876456876456877 0.0589171974522293
1 0.19813519813519814 0.8845541401273885 0.08158508158508158 0.06210191082802548
1 0.32867132867132864 0.17277070063694266 0.08624708624708624 0.07484076433121019
1 0.655011655011655 0.8988853503184714 0.13986013986013987 0.09394904458598727
1 0.2931235431235431 0.04060509554140127 0.054778554778554776 0.03343949044585987
1 0.6934731934731935 0.7890127388535032 0.09557109557109557 0.08121019108280254
2 0.3385780885780886 0.7603503184713376 0.054778554778554776 0.11305732484076433
2 0.5442890442890443 0.48328025477707004 0.08158508158508158 0.04936305732484077
0 0.46503496503496505 0.8550955414012739 0.08158508158508158 0.06050955414012739
