1 0.23834498834498835 0.875 0.06643356643356643 0.06528662420382166
1 0.6824009324009324 0.8686305732484076 0.05944055944055944 0.1321656050955414
1 0.2977855477855478 0.6767515923566879 0.017482517482517484 0.054140127388535034
0 0.3712121212121212 0.5573248407643312 0.0337995337995338 0.050955414012738856
1 0.04487179487179487 0.7285031847133758 0.05944055944055944 0.1321656050955414
1 0.7756410256410257 0.5820063694267515 0.09906759906759907 0.06210191082802548
1 0.708041958041958 0.26831210191082805 0.029137529137529136 0.08439490445859872
2 0.43997668997669 0.8240445859872612 0.06177156177156177 0.052547770700636945
0 0.789044289044289 0.9737261146496815 0.05128205128205128 0.04617834394904458
2 0.15034965034965034 0.8718152866242038 0.030303030303030304 0.07165605095541401
