2 0.8269230769230769 0.29538216560509556 0.038461538461538464 0.08439490445859872
1 0.9458041958041958 0.45222929936305734 0.09207459207459208 0.06050955414012739
1 0.22261072261072262 0.06289808917197452 0.037296037296037296 0.08121019108280254
0 0.5827505827505828 0.11385350318471338 0.027972027972027972 0.0589171974522293
0 0.5367132867132867 0.42277070063694266 0.054778554778554776 0.042993630573248405
1 0.9294871794871795 0.910031847133758 0.029137529137529136 0.09076433121019108
2 0.7668997668997669 0.2898089171974522 0.05128205128205128 0.03184713375796178
1 0.48543123543123545 0.29777070063694266 0.12937062937062938 0.09872611464968153
1 0.06701631701631702 0.7038216560509554 0.05244755244755245 0.14968152866242038
1 0.03904428904428905 0.0875796178343949 0.04079254079254079 0.08280254777070063
