1 0.5081585081585082 0.7014331210191083 0.03263403263403263 0.07802547770700637
0 0.736013986013986 0.910828025477707 0.029137529137529136 0.04777070063694268
1 0.22261072261072262 0.572452229299363 0.04428904428904429 0.09394904458598727
0 0.46153846153846156 0.6544585987261147 0.037296037296037296 0.08598726114649681
1 0.3991841491841492 0.8527070063694268 0.05944055944055944 0.1321656050955414
2 0.2977855477855478 0.19347133757961785 0.0337995337995338 0.07802547770700637
0 0.736013986013986 0.42277070063694266 0.06177156177156177 0.052547770700636945
2 0.4976689976689977 0.05652866242038217 0.046620046620046623 0.030254777070063694
1 0.6783216783216783 0.9068471337579618 0.08391608391608392 0.06210191082802548
1 0.5541958041958042 0.19904458598726116 0.07109557109557109 0.06687898089171974
