1 0.7744755244755245 0.11863057324840764 0.08741258741258741 0.06528662420382166
0 0.5163170163170163 0.8805732484076433 0.027972027972027972 0.07961783439490445
1 0.4627039627039627 0.13694267515923567 0.06060606060606061 0.06050955414012739
2 0.27564102564102566 0.3718152866242038 0.026806526806526808 0.07484076433121019
2 0.7202797202797203 0.38455414012738853 0.02097902097902098 0.04936305732484077
1 0.7674825174825175 0.7603503184713376 0.05944055944055944 0.04617834394904458
1 0.6060606060606061 0.10270700636942676 0.08158508158508158 0.06210191082802548
1 0.47202797202797203 0.5469745222929936 0.04195804195804196 0.12261146496815287
1 0.2261072261072261 0.3630573248407643 0.06993006993006994 0.06369426751592357
2 0.40559440559440557 0.2070063694267516 0.018648018648018648 0.054140127388535034
