1 0.14801864801864803 0.4896496815286624 0.09557109557109557 0.06210191082802548
2 0.3106060606060606 0.1910828025477707 0.038461538461538464 0.08280254777070063
2 0.5075757575757576 0.5644904458598726 0.019813519813519812 0.0589171974522293
2 0.7226107226107226 0.3463375796178344 0.013986013986013986 0.042993630573248405
2 0.351981351981352 0.8606687898089171 0.02097902097902098 0.05573248407643312
1 0.6824009324009324 0.4394904458598726 0.029137529137529136 0.09554140127388536
0 0.8508158508158508 0.7539808917197452 0.030303030303030304 0.07165605095541401
0 0.5238927738927739 0.8765923566878981 0.054778554778554776 0.11305732484076433
1 0.8181818181818182 0.3503184713375796 0.03263403263403263 0.08598726114649681
0 0.04428904428904429 0.45222929936305734 0.06060606060606061 0.06369426751592357
