2 0.02505827505827506 0.6488853503184714 0.03613053613053613 0.09076433121019108
1 0.5291375291375291 0.04777070063694268 0.03496503496503497 0.09235668789808917
2 0.6631701631701632 0.38296178343949044 0.027972027972027972 0.06847133757961783
0 0.8671328671328671 0.43312101910828027 0.053613053613053616 0.04777070063694268
1 0.504079254079254 0.5374203821656051 0.054778554778554776 0.11305732484076433
0 0.7022144522144522 0.5931528662420382 0.05710955710955711 0.052547770700636945
1 0.5227272727272727 0.9689490445859873 0.05710955710955711 0.04617834394904458
1 0.634032634032634 0.8232484076433121 0.03263403263403263 0.07006369426751592
1 0.7872960372960373 0.9482484076433121 0.09673659673659674 0.08121019108280254
0 0.05244755244755245 0.25079617834394907 0.03263403263403263 0.08121019108280254
