1 0.9656177156177156 0.3073248407643312 0.038461538461538464 0.022292993630573247
2 0.4772727272727273 0.18869426751592358 0.08741258741258741 0.0589171974522293
2 0.87004662004662 0.8351910828025477 0.03146853146853147 0.07484076433121019
1 0.1684149184149184 0.9426751592356688 0.03613053613053613 0.08598726114649681
1 0.7511655011655012 0.5621019108280255 0.05944055944055944 0.1305732484076433
2 0.44638694638694637 0.9371019108280255 0.027972027972027972 0.06847133757961783
1 0.6672494172494172 0.4426751592356688 0.05011655011655012 0.03821656050955414
2 0.6019813519813519 0.26910828025477707 0.0337995337995338 0.08598726114649681
1 0.5372960372960373 0.7921974522292994 0.04428904428904429 0.12579617834394904
0 0.8216783216783217 0.5 0.06526806526806526 0.054140127388535034
