1 0.08566433566433566 0.320859872611465 0.07109557109557109 0.04617834394904458
1 0.6136363636363636 0.09235668789808917 0.08974358974358974 0.054140127388535034
1 0.7249417249417249 0.48328025477707004 0.037296037296037296 0.06528662420382166
2 0.08216783216783216 0.8383757961783439 0.0337995337995338 0.09076433121019108
2 0.6247086247086248 0.3001592356687898 0.08158508158508158 0.04617834394904458
1 0.1660839160839161 0.7985668789808917 0.029137529137529136 0.07165605095541401
2 0.5448717948717948 0.2603503184713376 0.029137529137529136 0.07165605095541401
1 0.3484848484848485 0.9450636942675159 0.037296037296037296 0.06847133757961783
1 0.4574592074592075 0.4355095541401274 0.09906759906759907 0.08121019108280254
0 0.17307692307692307 0.38296178343949044 0.038461538461538464 0.08439490445859872
