2 0.32226107226107226 0.8590764331210191 0.054778554778554776 0.11305732484076433
2 0.17365967365967366 0.8097133757961783 0.030303030303030304 0.07165605095541401
1 0.7074592074592074 0.5103503184713376 0.04195804195804196 0.12579617834394904
2 0.08158508158508158 0.1464968152866242 0.06060606060606061 0.04777070063694268
2 0.14277389277389277 0.2874203821656051 0.026806526806526808 0.08439490445859872
0 0.27505827505827507 0.14570063694267515 0.023310023310023312 0.06847133757961783
1 0.23601398601398602 0.7062101910828026 0.019813519813519812 0.05573248407643312
1 0.8315850815850816 0.28105095541401276 0.13636363636363635 0.0875796178343949
1 0.6555944055944056 0.7515923566878981 0.0780885780885781 0.06687898089171974
1 0.5495337995337995 0.660828025477707 0.05944055944055944 0.1305732484076433
