1 0.9085081585081585 0.35270700636942676 0.05710955710955711 0.03662420382165605
1 0.8898601398601399 0.18550955414012738 0.03146853146853147 0.08121019108280254
2 0.7645687645687645 0.018312101910828025 0.05128205128205128 0.030254777070063694
0 0.10081585081585082 0.26671974522292996 0.09906759906759907 0.08121019108280254
1 0.5501165501165501 0.03503184713375796 0.030303030303030304 0.06050955414012739
1 0.6060606060606061 0.42754777070063693 0.04428904428904429 0.12579617834394904
1 0.7931235431235432 0.2428343949044586 0.017482517482517484 0.052547770700636945
1 0.47435897435897434 0.8829617834394905 0.04895104895104895 0.12579617834394904
0 0.6252913752913752 0.7547770700636943 0.04079254079254079 0.08280254777070063
1 0.26456876456876455 0.32722929936305734 0.027972027972027972 0.04936305732484077
