1 0.3712121212121212 0.5517515923566879 0.05944055944055944 0.1321656050955414
1 0.2062937062937063 0.1767515923566879 0.08158508158508158 0.05732484076433121
2 0.763986013986014 0.8646496815286624 0.06177156177156177 0.050955414012738856
1 0.12237762237762238 0.3495222929936306 0.018648018648018648 0.052547770700636945
0 0.8986013986013986 0.5047770700636943 0.037296037296037296 0.10191082802547771
0 0.8595571095571095 0.7651273885350318 0.08275058275058275 0.07484076433121019
0 0.6328671328671329 0.4697452229299363 0.037296037296037296 0.07643312101910828
2 0.2523310023310023 0.45461783439490444 0.0337995337995338 0.09713375796178345
1 0.2896270396270396 0.6289808917197452 0.09207459207459208 0.05732484076433121
1 0.9388111888111889 0.7356687898089171 0.06643356643356643 0.054140127388535034
