0 0.3117715617715618 0.946656050955414 0.038461538461538464 0.08439490445859872
2 0.3106060606060606 0.5254777070063694 0.07575757575757576 0.0732484076433121
1 0.4976689976689977 0.464171974522293 0.027972027972027972 0.06210191082802548
2 0.824009324009324 0.27945859872611467 0.0675990675990676 0.04936305732484077
1 0.8916083916083916 0.16003184713375795 0.05827505827505827 0.03662420382165605
2 0.3356643356643357 0.7945859872611465 0.055944055944055944 0.03184713375796178
0 0.30186480186480186 0.6823248407643312 0.06293706293706294 0.052547770700636945
1 0.08857808857808858 0.4355095541401274 0.04195804195804196 0.12261146496815287
2 0.9155011655011654 0.7945859872611465 0.0337995337995338 0.022292993630573247
1 0.3141025641025641 0.19745222929936307 0.05944055944055944 0.1305732484076433
