1 0.1520979020979021 0.17197452229299362 0.05710955710955711 0.03503184713375796
1 0.34906759906759904 0.9450636942675159 0.09207459207459208 0.06528662420382166
2 0.951048951048951 0.30971337579617836 0.023310023310023312 0.05573248407643312
0 0.24242424242424243 0.5621019108280255 0.039627039627039624 0.08280254777070063
1 0.21736596736596736 0.4482484076433121 0.09207459207459208 0.06528662420382166
1 0.2365967365967366 0.32404458598726116 0.027972027972027972 0.07802547770700637
1 0.7855477855477856 0.5772292993630573 0.02564102564102564 0.07165605095541401
1 0.40384615384615385 0.13614649681528662 0.045454545454545456 0.11305732484076433
1 0.6748251748251748 0.9482484076433121 0.055944055944055944 0.03662420382165605
1 0.46445221445221446 0.5867834394904459 0.017482517482517484 0.052547770700636945
