1 0.7680652680652681 0.9140127388535032 0.04895104895104895 0.044585987261146494
2 0.09265734265734266 0.26512738853503187 0.06177156177156177 0.052547770700636945
1 0.1893939393939394 0.7181528662420382 0.047785547785547784 0.11146496815286625
1 0.486013986013986 0.4052547770700637 0.018648018648018648 0.05573248407643312
2 0.9283216783216783 0.695859872611465 0.019813519813519812 0.050955414012738856
0 0.7243589743589743 0.5135350318471338 0.054778554778554776 0.11305732484076433
1 0.08682983682983683 0.09394904458598727 0.024475524475524476 0.06687898089171974
1 0.38986013986013984 0.16560509554140126 0.13403263403263405 0.09872611464968153
2 0.38344988344988346 0.9378980891719745 0.08158508158508158 0.050955414012738856
2 0.8327505827505828 0.9753184713375797 0.045454545454545456 0.042993630573248405
