1 0.6171328671328671 0.7117834394904459 0.04079254079254079 0.025477707006369428
1 0.051864801864801864 0.8296178343949044 0.05944055944055944 0.1305732484076433
2 0.05652680652680653 0.1823248407643312 0.038461538461538464 0.08121019108280254
1 0.3956876456876457 0.19506369426751594 0.05944055944055944 0.1321656050955414
1 0.9749417249417249 0.7340764331210191 0.024475524475524476 0.050955414012738856
2 0.8525641025641025 0.321656050955414 0.10139860139860139 0.07006369426751592
1 0.45163170163170163 0.3630573248407643 0.05944055944055944 0.1305732484076433
2 0.30652680652680653 0.020700636942675158 0.06060606060606061 0.041401273885350316
0 0.29545454545454547 0.731687898089172 0.0337995337995338 0.07165605095541401
1 0.784965034965035 0.044585987261146494 0.09207459207459208 0.05732484076433121
