2 0.20804195804195805 0.5947452229299363 0.015151515151515152 0.03980891719745223
1 0.7331002331002331 0.6194267515923567 0.02097902097902098 0.06050955414012739
1 0.9108391608391608 0.5406050955414012 0.05944055944055944 0.1321656050955414
1 0.798951048951049 0.4307324840764331 0.09673659673659674 0.08121019108280254
1 0.9242424242424242 0.785828025477707 0.05827505827505827 0.03662420382165605
0 0.18706293706293706 0.19745222929936307 0.045454545454545456 0.10828025477707007
2 0.5291375291375291 0.7929936305732485 0.027972027972027972 0.08280254777070063
0 0.701048951048951 0.9084394904458599 0.0337995337995338 0.08121019108280254
2 0.44755244755244755 0.14888535031847133 0.03496503496503497 0.10031847133757962
1 0.9213286713286714 0.08439490445859872 0.05944055944055944 0.1305732484076433
