1 0.8921911421911422 0.42595541401273884 0.08275058275058275 0.07484076433121019
0 0.664918414918415 0.29697452229299365 0.06177156177156177 0.11305732484076433
1 0.24475524475524477 0.4012738853503185 0.05827505827505827 0.03503184713375796
0 0.06177156177156177 0.6090764331210191 0.05827505827505827 0.04617834394904458
1 0.7453379953379954 0.20302547770700638 0.017482517482517484 0.05573248407643312
2 0.4353146853146853 0.7396496815286624 0.05944055944055944 0.052547770700636945
2 0.2692307692307692 0.9004777070063694 0.055944055944055944 0.03662420382165605
1 0.6596736596736597 0.07165605095541401 0.06993006993006994 0.06369426751592357
1 0.3741258741258741 0.21337579617834396 0.04895104895104895 0.1305732484076433
1 0.9090909090909091 0.27945859872611467 0.04428904428904429 0.12261146496815287
