1 0.26048951048951047 0.6449044585987261 0.0337995337995338 0.050955414012738856
1 0.4551282051282051 0.8829617834394905 0.05944055944055944 0.042993630573248405
2 0.6503496503496503 0.6210191082802548 0.03496503496503497 0.08280254777070063
1 0.5326340326340326 0.3144904458598726 0.03263403263403263 0.09076433121019108
2 0.7843822843822844 0.8726114649681529 0.07692307692307693 0.050955414012738856
2 0.9376456876456877 0.11863057324840764 0.03146853146853147 0.07802547770700637
1 0.5250582750582751 0.8479299363057324 0.0641025641025641 0.04936305732484077
2 0.39335664335664333 0.1735668789808917 0.029137529137529136 0.0732484076433121
1 0.10839160839160839 0.06210191082802548 0.030303030303030304 0.08598726114649681
1 0.270979020979021 0.1767515923566879 0.017482517482517484 0.054140127388535034
