2 0.9696969696969697 0.3144904458598726 0.030303030303030304 0.07165605095541401
1 0.3117715617715618 0.5159235668789809 0.029137529137529136 0.08280254777070063
0 0.3374125874125874 0.8893312101910829 0.0337995337995338 0.08121019108280254
1 0.4557109557109557 0.37022292993630573 0.05827505827505827 0.03343949044585987
1 0.3141025641025641 0.7070063694267515 0.038461538461538464 0.025477707006369428
1 0.49533799533799533 0.8447452229299363 0.13986013986013987 0.09076433121019108
0 0.7861305361305362 0.1321656050955414 0.0641025641025641 0.06050955414012739
1 0.23776223776223776 0.2635350318471338 0.06993006993006994 0.06210191082802548
1 0.7348484848484849 0.7205414012738853 0.017482517482517484 0.04936305732484077
1 0.6707459207459208 0.8248407643312102 0.12937062937062938 0.09872611464968153
