1 0.42074592074592077 0.7643312101910829 0.039627039627039624 0.025477707006369428
2 0.8327505827505828 0.428343949044586 0.017482517482517484 0.050955414012738856
1 0.5407925407925408 0.5652866242038217 0.06993006993006994 0.06369426751592357
1 0.38461538461538464 0.9148089171974523 0.016317016317016316 0.052547770700636945
1 0.6754079254079254 0.2229299363057325 0.08741258741258741 0.07006369426751592
1 0.9125874125874126 0.5310509554140127 0.02564102564102564 0.07802547770700637
1 0.5541958041958042 0.7062101910828026 0.026806526806526808 0.08439490445859872
2 0.3123543123543124 0.3144904458598726 0.06060606060606061 0.052547770700636945
0 0.5402097902097902 0.392515923566879 0.054778554778554776 0.11305732484076433
1 0.8974358974358975 0.8097133757961783 0.08158508158508158 0.06210191082802548
