0 0.17482517482517482 0.12818471337579618 0.027972027972027972 0.08121019108280254
1 0.8653846153846154 0.2619426751592357 0.05244755244755245 0.13535031847133758
1 0.6684149184149184 0.29856687898089174 0.09207459207459208 0.06528662420382166
2 0.4527972027972028 0.14012738853503184 0.0944055944055944 0.06050955414012739
1 0.1486013986013986 0.4339171974522293 0.08275058275058275 0.06210191082802548
2 0.2127039627039627 0.04777070063694268 0.054778554778554776 0.041401273885350316
1 0.29836829836829837 0.5780254777070064 0.039627039627039624 0.025477707006369428
0 0.44638694638694637 0.3909235668789809 0.06293706293706294 0.04936305732484077
1 0.3717948717948718 0.4267515923566879 0.046620046620046623 0.09235668789808917
0 0.5227272727272727 0.9482484076433121 0.06643356643356643 0.0589171974522293
