1 0.7593240093240093 0.839968152866242 0.09207459207459208 0.07802547770700637
1 0.32400932400932403 0.7786624203821656 0.08158508158508158 0.06050955414012739
1 0.1660839160839161 0.23089171974522293 0.054778554778554776 0.12101910828025478
1 0.4807692307692308 0.22531847133757962 0.09906759906759907 0.0589171974522293
0 0.5268065268065268 0.8622611464968153 0.03496503496503497 0.06847133757961783
1 0.08333333333333333 0.8065286624203821 0.05944055944055944 0.1321656050955414
1 0.817016317016317 0.12022292993630573 0.04195804195804196 0.09394904458598727
0 0.5973193473193473 0.2714968152866242 0.09673659673659674 0.07802547770700637
1 0.30011655011655014 0.14570063694267515 0.09673659673659674 0.17993630573248406
2 0.4423076923076923 0.5334394904458599 0.06177156177156177 0.050955414012738856
