0 0.6235431235431236 0.9721337579617835 0.06293706293706294 0.04936305732484077
1 0.9020979020979021 0.49920382165605093 0.06060606060606061 0.04936305732484077
1 0.43006993006993005 0.785828025477707 0.06993006993006994 0.042993630573248405
1 0.23601398601398602 0.44904458598726116 0.04079254079254079 0.025477707006369428
1 0.6217948717948718 0.4195859872611465 0.06876456876456877 0.04617834394904458
1 0.24533799533799533 0.2587579617834395 0.08275058275058275 0.07484076433121019
1 0.18414918414918416 0.606687898089172 0.13752913752913754 0.08917197452229299
1 0.035547785547785545 0.8495222929936306 0.024475524475524476 0.0589171974522293
1 0.8053613053613053 0.21815286624203822 0.04195804195804196 0.11146496815286625
1 0.747086247086247 0.4450636942675159 0.027972027972027972 0.07802547770700637
