1 0.7418414918414918 0.3343949044585987 0.12937062937062938 0.09235668789808917
0 0.10606060606060606 0.37101910828025475 0.02097902097902098 0.06050955414012739
1 0.3735431235431235 0.5748407643312102 0.0780885780885781 0.06687898089171974
1 0.5524475524475524 0.8718152866242038 0.04428904428904429 0.11305732484076433
1 0.6153846153846154 0.2484076433121019 0.09324009324009325 0.05732484076433121
0 0.1864801864801865 0.3662420382165605 0.03496503496503497 0.0732484076433121
1 0.6089743589743589 0.8853503184713376 0.05944055944055944 0.1305732484076433
1 0.493006993006993 0.08678343949044585 0.027972027972027972 0.08121019108280254
0 0.3041958041958042 0.17993630573248406 0.06993006993006994 0.054140127388535034
0 0.10431235431235432 0.03423566878980892 0.03613053613053613 0.06528662420382166
