1 0.16317016317016317 0.9116242038216561 0.039627039627039624 0.02388535031847134
1 0.2097902097902098 0.7539808917197452 0.016317016317016316 0.04617834394904458
2 0.7826340326340326 0.6918789808917197 0.029137529137529136 0.08121019108280254
1 0.24533799533799533 0.48089171974522293 0.017482517482517484 0.054140127388535034
2 0.20745920745920746 0.01592356687898089 0.039627039627039624 0.025477707006369428
1 0.5629370629370629 0.25079617834394907 0.027972027972027972 0.07802547770700637
2 0.9761072261072261 0.21098726114649682 0.03146853146853147 0.07802547770700637
0 0.6952214452214452 0.5684713375796179 0.04312354312354312 0.08598726114649681
1 0.11655011655011654 0.3176751592356688 0.08624708624708624 0.21178343949044587
1 0.25932400932400934 0.28662420382165604 0.05944055944055944 0.1305732484076433
