1 0.3706293706293706 0.7890127388535032 0.06993006993006994 0.06210191082802548
2 0.28088578088578087 0.6815286624203821 0.06060606060606061 0.04777070063694268
2 0.9370629370629371 0.28503184713375795 0.07925407925407925 0.054140127388535034
1 0.8181818181818182 0.43312101910828027 0.08857808857808858 0.05732484076433121
0 0.7814685314685315 0.36863057324840764 0.0780885780885781 0.06210191082802548
0 0.6748251748251748 0.2213375796178344 0.04895104895104895 0.10191082802547771
1 0.10839160839160839 0.12261146496815287 0.039627039627039624 0.022292993630573247
2 0.2365967365967366 0.9625796178343949 0.06060606060606061 0.052547770700636945
1 0.3210955710955711 0.5732484076433121 0.05710955710955711 0.1178343949044586
1 0.736013986013986 0.9673566878980892 0.09673659673659674 0.0589171974522293
