1 0.8135198135198135 0.3447452229299363 0.016317016317016316 0.052547770700636945
1 0.32342657342657344 0.9203821656050956 0.04312354312354312 0.11464968152866242
2 0.12762237762237763 0.5199044585987261 0.05710955710955711 0.04617834394904458
1 0.1182983682983683 0.27229299363057324 0.026806526806526808 0.07961783439490445
0 0.6853146853146853 0.7364649681528662 0.06993006993006994 0.05573248407643312
0 0.08275058275058275 0.7826433121019108 0.03263403263403263 0.08121019108280254
2 0.9061771561771562 0.03264331210191083 0.06177156177156177 0.052547770700636945
0 0.4026806526806527 0.6552547770700637 0.05944055944055944 0.04617834394904458
0 0.34207459207459207 0.14729299363057324 0.038461538461538464 0.07484076433121019
0 0.29895104895104896 0.21735668789808918 0.038461538461538464 0.08439490445859872
