1 0.722027972027972 0.29697452229299365 0.05944055944055944 0.03662420382165605
1 0.08624708624708624 0.5326433121019108 0.05128205128205128 0.0875796178343949
1 0.2837995337995338 0.89171974522293 0.1386946386946387 0.08917197452229299
1 0.715034965034965 0.5493630573248408 0.05710955710955711 0.03503184713375796
2 0.7465034965034965 0.7436305732484076 0.029137529137529136 0.08280254777070063
0 0.24766899766899766 0.4729299363057325 0.038461538461538464 0.03184713375796178
1 0.1386946386946387 0.8415605095541401 0.0675990675990676 0.1735668789808917
0 0.3921911421911422 0.08996815286624203 0.06177156177156177 0.052547770700636945
2 0.49009324009324007 0.23805732484076433 0.05944055944055944 0.052547770700636945
1 0.8548951048951049 0.6114649681528662 0.017482517482517484 0.025477707006369428
