2 0.12645687645687645 0.4872611464968153 0.038461538461538464 0.08280254777070063
1 0.2698135198135198 0.21337579617834396 0.0944055944055944 0.06050955414012739
2 0.4201631701631702 0.2778662420382166 0.05011655011655012 0.03343949044585987
2 0.29545454545454547 0.050955414012738856 0.038461538461538464 0.07961783439490445
1 0.8531468531468531 0.07165605095541401 0.06060606060606061 0.06050955414012739
1 0.7907925407925408 0.6226114649681529 0.06643356643356643 0.044585987261146494
1 0.4195804195804196 0.11464968152866242 0.04428904428904429 0.11464968152866242
1 0.16724941724941725 0.09474522292993631 0.05944055944055944 0.1321656050955414
0 0.6182983682983683 0.04856687898089172 0.0944055944055944 0.09076433121019108
2 0.15268065268065267 0.4068471337579618 0.053613053613053616 0.042993630573248405
