1 0.7511655011655012 0.9681528662420382 0.0641025641025641 0.044585987261146494
1 0.627039627039627 0.6329617834394905 0.08624708624708624 0.05573248407643312
0 0.32400932400932403 0.5581210191082803 0.03496503496503497 0.06847133757961783
2 0.4184149184149184 0.3909235668789809 0.030303030303030304 0.0875796178343949
1 0.24883449883449885 0.23805732484076433 0.054778554778554776 0.03343949044585987
1 0.6124708624708625 0.7125796178343949 0.01282051282051282 0.07802547770700637
1 0.46794871794871795 0.03503184713375796 0.05944055944055944 0.03821656050955414
0 0.08566433566433566 0.695859872611465 0.024475524475524476 0.06687898089171974
2 0.38578088578088576 0.8877388535031847 0.02564102564102564 0.06847133757961783
0 0.1357808857808858 0.19187898089171976 0.06177156177156177 0.12898089171974522
