1 0.3793706293706294 0.8176751592356688 0.029137529137529136 0.09076433121019108
1 0.6928904428904429 0.16719745222929935 0.0337995337995338 0.09235668789808917
1 0.21328671328671328 0.6449044585987261 0.016317016317016316 0.054140127388535034
1 0.42424242424242425 0.6457006369426752 0.030303030303030304 0.08121019108280254
1 0.9475524475524476 0.85828025477707 0.055944055944055944 0.054140127388535034
1 0.14918414918414918 0.9808917197452229 0.037296037296037296 0.03184713375796178
0 0.8362470862470862 0.09235668789808917 0.07575757575757576 0.054140127388535034
0 0.19696969696969696 0.2929936305732484 0.037296037296037296 0.07643312101910828
1 0.5518648018648019 0.08280254777070063 0.05944055944055944 0.1305732484076433
1 0.10081585081585082 0.14570063694267515 0.05011655011655012 0.04617834394904458
