2 0.10897435897435898 0.553343949044586 0.08041958041958042 0.052547770700636945
1 0.38519813519813517 0.5214968152866242 0.08974358974358974 0.05573248407643312
2 0.8805361305361306 0.6003184713375797 0.05011655011655012 0.03821656050955414
1 0.8980186480186481 0.785031847133758 0.026806526806526808 0.07961783439490445
2 0.7266899766899767 0.13853503184713375 0.017482517482517484 0.05732484076433121
0 0.7255244755244755 0.8200636942675159 0.05011655011655012 0.03821656050955414
1 0.6672494172494172 0.2619426751592357 0.03146853146853147 0.09076433121019108
1 0.22261072261072262 0.42277070063694266 0.03263403263403263 0.07802547770700637
1 0.46911421911421913 0.5318471337579618 0.047785547785547784 0.11146496815286625
0 0.5244755244755245 0.9554140127388535 0.03263403263403263 0.07006369426751592
