0 0.30244755244755245 0.43710191082802546 0.03613053613053613 0.02388535031847134
2 0.5961538461538461 0.35589171974522293 0.06177156177156177 0.052547770700636945
1 0.36713286713286714 0.8343949044585988 0.09090909090909091 0.05732484076433121
2 0.8304195804195804 0.28423566878980894 0.06177156177156177 0.052547770700636945
1 0.033216783216783216 0.28662420382165604 0.04079254079254079 0.025477707006369428
1 0.4172494172494173 0.4578025477707006 0.04195804195804196 0.12261146496815287
0 0.2406759906759907 0.6050955414012739 0.06643356643356643 0.06369426751592357
1 0.8164335664335665 0.9164012738853503 0.05944055944055944 0.1321656050955414
1 0.6066433566433567 0.46894904458598724 0.05944055944055944 0.1321656050955414
2 0.7628205128205128 0.7093949044585988 0.029137529137529136 0.07165605095541401
