1 0.2296037296037296 0.4140127388535032 0.027972027972027972 0.08598726114649681
0 0.6247086247086248 0.26910828025477707 0.09324009324009325 0.07961783439490445
1 0.8653846153846154 0.21815286624203822 0.07109557109557109 0.044585987261146494
0 0.9533799533799534 0.1823248407643312 0.027972027972027972 0.08121019108280254
1 0.1987179487179487 0.9386942675159236 0.09673659673659674 0.07802547770700637
0 0.4184149184149184 0.31369426751592355 0.04895104895104895 0.044585987261146494
1 0.6993006993006993 0.48328025477707004 0.04895104895104895 0.12579617834394904
1 0.5821678321678322 0.7109872611464968 0.14335664335664336 0.11942675159235669
1 0.3677156177156177 0.7492038216560509 0.05944055944055944 0.1321656050955414
1 0.4230769230769231 0.48487261146496813 0.030303030303030304 0.06210191082802548
