2 0.30128205128205127 0.3359872611464968 0.038461538461538464 0.07961783439490445
0 0.17773892773892774 0.10668789808917198 0.07109557109557109 0.06687898089171974
1 0.10372960372960373 0.6058917197452229 0.06060606060606061 0.03980891719745223
1 0.25 0.30254777070063693 0.019813519813519812 0.06687898089171974
1 0.16958041958041958 0.33121019108280253 0.07575757575757576 0.050955414012738856
0 0.7068764568764568 0.18869426751592358 0.054778554778554776 0.11305732484076433
2 0.9131701631701632 0.5597133757961783 0.054778554778554776 0.11305732484076433
1 0.2680652680652681 0.677547770700637 0.018648018648018648 0.04936305732484077
2 0.2715617715617716 0.07484076433121019 0.039627039627039624 0.025477707006369428
1 0.13986013986013987 0.9450636942675159 0.08158508158508158 0.06210191082802548
