1 0.5192307692307693 0.946656050955414 0.09673659673659674 0.08121019108280254
1 0.5874125874125874 0.3192675159235669 0.04428904428904429 0.12579617834394904
0 0.6206293706293706 0.679140127388535 0.06643356643356643 0.0589171974522293
0 0.6363636363636364 0.9721337579617835 0.06293706293706294 0.052547770700636945
0 0.31585081585081587 0.3718152866242038 0.06993006993006994 0.06210191082802548
1 0.12703962703962704 0.6281847133757962 0.05128205128205128 0.04617834394904458
2 0.6037296037296037 0.1695859872611465 0.030303030303030304 0.07165605095541401
1 0.6987179487179487 0.8964968152866242 0.12937062937062938 0.09235668789808917
2 0.3333333333333333 0.08439490445859872 0.06060606060606061 0.1178343949044586
2 0.13344988344988346 0.4554140127388535 0.038461538461538464 0.08280254777070063
