1 0.7604895104895105 0.5398089171974523 0.05944055944055944 0.1305732484076433
1 0.3245920745920746 0.7866242038216561 0.0944055944055944 0.06050955414012739
1 0.6923076923076923 0.32563694267515925 0.06060606060606061 0.03662420382165605
0 0.23426573426573427 0.7953821656050956 0.08624708624708624 0.19585987261146498
1 0.8980186480186481 0.6098726114649682 0.04312354312354312 0.12101910828025478
1 0.08391608391608392 0.9570063694267515 0.09090909090909091 0.05732484076433121
1 0.0337995337995338 0.19028662420382167 0.04428904428904429 0.12898089171974522
1 0.6439393939393939 0.9195859872611465 0.04312354312354312 0.09076433121019108
0 0.12703962703962704 0.3160828025477707 0.0675990675990676 0.04936305732484077
1 0.4761072261072261 0.8057324840764332 0.05944055944055944 0.1305732484076433
