1 0.6130536130536131 0.7364649681528662 0.0675990675990676 0.13535031847133758
1 0.7121212121212122 0.2746815286624204 0.037296037296037296 0.08121019108280254
1 0.22377622377622378 0.6385350318471338 0.018648018648018648 0.054140127388535034
2 0.6351981351981352 0.8996815286624203 0.030303030303030304 0.08917197452229299
1 0.5268065268065268 0.25398089171974525 0.08624708624708624 0.07802547770700637
2 0.6322843822843823 0.23168789808917198 0.022144522144522144 0.0589171974522293
0 0.2634032634032634 0.339171974522293 0.09324009324009325 0.06687898089171974
1 0.7756410256410257 0.6584394904458599 0.045454545454545456 0.12898089171974522
0 0.5868298368298368 0.8710191082802548 0.054778554778554776 0.03821656050955414
2 0.921911421911422 0.8089171974522293 0.039627039627039624 0.10509554140127389
