0 0.9382284382284383 0.1942675159235669 0.02564102564102564 0.05732484076433121
0 0.7610722610722611 0.7826433121019108 0.06993006993006994 0.05573248407643312
1 0.8344988344988346 0.5628980891719745 0.08158508158508158 0.06210191082802548
0 0.9155011655011654 0.6982484076433121 0.05944055944055944 0.07484076433121019
0 0.46794871794871795 0.285828025477707 0.06177156177156177 0.052547770700636945
2 0.9597902097902098 0.0660828025477707 0.054778554778554776 0.11305732484076433
2 0.736013986013986 0.2412420382165605 0.05710955710955711 0.04617834394904458
1 0.13927738927738928 0.8734076433121019 0.05944055944055944 0.1321656050955414
1 0.20279720279720279 0.1480891719745223 0.03496503496503497 0.01910828025477707
0 0.2803030303030303 0.9522292993630573 0.05011655011655012 0.03821656050955414
