1 0.541958041958042 0.40764331210191085 0.07925407925407925 0.06369426751592357
1 0.583916083916084 0.7890127388535032 0.09557109557109557 0.08121019108280254
1 0.2931235431235431 0.5461783439490446 0.05944055944055944 0.1305732484076433
0 0.40675990675990675 0.44745222929936307 0.037296037296037296 0.03184713375796178
1 0.5856643356643356 0.10828025477707007 0.0780885780885781 0.06687898089171974
1 0.2977855477855478 0.1377388535031847 0.054778554778554776 0.11305732484076433
1 0.19230769230769232 0.4299363057324841 0.06993006993006994 0.1305732484076433
1 0.9020979020979021 0.21656050955414013 0.14219114219114218 0.11464968152866242
0 0.9778554778554779 0.839968152866242 0.023310023310023312 0.04936305732484077
0 0.08857808857808858 0.6472929936305732 0.06293706293706294 0.052547770700636945
