1 0.06468531468531469 0.8471337579617835 0.017482517482517484 0.054140127388535034
2 0.6188811188811189 0.6528662420382165 0.02097902097902098 0.050955414012738856
0 0.8263403263403264 0.24761146496815287 0.030303030303030304 0.07165605095541401
2 0.5716783216783217 0.5207006369426752 0.05944055944055944 0.041401273885350316
1 0.12296037296037296 0.07245222929936306 0.03146853146853147 0.042993630573248405
1 0.2296037296037296 0.2157643312101911 0.039627039627039624 0.02388535031847134
2 0.9644522144522144 0.7571656050955414 0.05944055944055944 0.052547770700636945
2 0.34906759906759904 0.4339171974522293 0.038461538461538464 0.08121019108280254
1 0.09149184149184149 0.2412420382165605 0.09906759906759907 0.08121019108280254
1 0.42832167832167833 0.1393312101910828 0.038461538461538464 0.02388535031847134
