0 0.8047785547785548 0.5589171974522293 0.045454545454545456 0.10828025477707007
1 0.9452214452214452 0.059713375796178345 0.08158508158508158 0.06210191082802548
1 0.8933566433566433 0.45143312101910826 0.05244755244755245 0.13535031847133758
2 0.9038461538461539 0.7078025477707006 0.06177156177156177 0.052547770700636945
0 0.28088578088578087 0.3248407643312102 0.037296037296037296 0.08598726114649681
1 0.2878787878787879 0.02388535031847134 0.05128205128205128 0.044585987261146494
0 0.837995337995338 0.14968152866242038 0.0675990675990676 0.06050955414012739
1 0.5314685314685315 0.6496815286624203 0.046620046620046623 0.1178343949044586
1 0.9627039627039627 0.8479299363057324 0.055944055944055944 0.03662420382165605
1 0.18414918414918416 0.6918789808917197 0.09324009324009325 0.07165605095541401
