0 0.7954545454545454 0.20780254777070065 0.047785547785547784 0.06210191082802548
0 0.270979020979021 0.5573248407643312 0.019813519813519812 0.06050955414012739
2 0.47086247086247085 0.6369426751592356 0.06060606060606061 0.1178343949044586
1 0.06585081585081586 0.910031847133758 0.05944055944055944 0.1321656050955414
1 0.736013986013986 0.392515923566879 0.029137529137529136 0.09076433121019108
0 0.7435897435897436 0.7890127388535032 0.06293706293706294 0.052547770700636945
0 0.5751748251748252 0.3781847133757962 0.03613053613053613 0.06528662420382166
0 0.07517482517482517 0.1624203821656051 0.038461538461538464 0.08598726114649681
0 0.546037296037296 0.9331210191082803 0.0337995337995338 0.050955414012738856
1 0.6655011655011654 0.8192675159235668 0.053613053613053616 0.06847133757961783
