2 0.9032634032634033 0.660828025477707 0.07692307692307693 0.050955414012738856
1 0.7925407925407926 0.75 0.03263403263403263 0.08917197452229299
1 0.5308857808857809 0.8320063694267515 0.05944055944055944 0.1321656050955414
1 0.777972027972028 0.16480891719745222 0.05944055944055944 0.1321656050955414
2 0.06701631701631702 0.3996815286624204 0.05944055944055944 0.044585987261146494
1 0.722027972027972 0.3869426751592357 0.03613053613053613 0.022292993630573247
1 0.9463869463869464 0.7890127388535032 0.039627039627039624 0.020700636942675158
2 0.921911421911422 0.9020700636942676 0.030303030303030304 0.07165605095541401
0 0.229020979020979 0.12420382165605096 0.09906759906759907 0.08917197452229299
0 0.13403263403263405 0.058121019108280256 0.05128205128205128 0.04617834394904458
