2 0.5273892773892774 0.9116242038216561 0.05710955710955711 0.04617834394904458
1 0.7610722610722611 0.9028662420382165 0.1445221445221445 0.09872611464968153
1 0.6264568764568764 0.8431528662420382 0.07109557109557109 0.04617834394904458
1 0.08916083916083917 0.76671974522293 0.047785547785547784 0.06210191082802548
0 0.43997668997669 0.8718152866242038 0.038461538461538464 0.08439490445859872
0 0.5099067599067599 0.9729299363057324 0.06177156177156177 0.050955414012738856
2 0.08974358974358974 0.34235668789808915 0.039627039627039624 0.10191082802547771
1 0.3782051282051282 0.5509554140127388 0.05944055944055944 0.1305732484076433
1 0.7552447552447552 0.08439490445859872 0.08158508158508158 0.06050955414012739
0 0.5099067599067599 0.572452229299363 0.0944055944055944 0.09076433121019108
