0 0.06177156177156177 0.8622611464968153 0.027972027972027972 0.06847133757961783
1 0.42599067599067597 0.49522292993630573 0.08275058275058275 0.18789808917197454
1 0.16142191142191142 0.09952229299363058 0.10139860139860139 0.0875796178343949
1 0.3717948717948718 0.7547770700636943 0.08158508158508158 0.06050955414012739
1 0.20687645687645687 0.8638535031847133 0.13636363636363635 0.09076433121019108
1 0.9545454545454546 0.36544585987261147 0.039627039627039624 0.08439490445859872
1 0.6357808857808858 0.7523885350318471 0.09673659673659674 0.08121019108280254
2 0.1655011655011655 0.7691082802547771 0.023310023310023312 0.0732484076433121
1 0.06993006993006994 0.22213375796178345 0.08158508158508158 0.06210191082802548
0 0.13752913752913754 0.3057324840764331 0.03496503496503497 0.0732484076433121
