2 0.46794871794871795 0.41003184713375795 0.05011655011655012 0.03343949044585987
2 0.7651515151515151 0.7890127388535032 0.038461538461538464 0.07484076433121019
1 0.6416083916083916 0.8542993630573248 0.05944055944055944 0.1321656050955414
1 0.06818181818181818 0.8909235668789809 0.05944055944055944 0.08121019108280254
2 0.3578088578088578 0.11624203821656051 0.039627039627039624 0.10191082802547771
1 0.7913752913752914 0.15286624203821655 0.046620046620046623 0.10509554140127389
1 0.8671328671328671 0.7101910828025477 0.08158508158508158 0.06050955414012739
1 0.28438228438228436 0.48009554140127386 0.09557109557109557 0.08121019108280254
0 0.09557109557109557 0.7826433121019108 0.06293706293706294 0.052547770700636945
1 0.8706293706293706 0.3479299363057325 0.08158508158508158 0.06210191082802548
