1 0.3117715617715618 0.5740445859872612 0.05944055944055944 0.1321656050955414
2 0.04195804195804196 0.856687898089172 0.055944055944055944 0.03184713375796178
2 0.5996503496503497 0.9267515923566879 0.03146853146853147 0.07961783439490445
1 0.7453379953379954 0.1592356687898089 0.038461538461538464 0.022292993630573247
1 0.2715617715617716 0.19506369426751594 0.08158508158508158 0.06210191082802548
1 0.015734265734265736 0.15127388535031847 0.024475524475524476 0.0732484076433121
2 0.6008158508158508 0.7444267515923567 0.05944055944055944 0.04617834394904458
2 0.32517482517482516 0.06210191082802548 0.03263403263403263 0.07643312101910828
1 0.2266899766899767 0.45302547770700635 0.06643356643356643 0.12898089171974522
1 0.4603729603729604 0.18630573248407642 0.039627039627039624 0.10509554140127389
