1 0.8374125874125874 0.7388535031847133 0.04312354312354312 0.08598726114649681
1 0.08158508158508158 0.7993630573248408 0.037296037296037296 0.022292993630573247
2 0.27214452214452217 0.6146496815286624 0.0337995337995338 0.07643312101910828
1 0.8624708624708625 0.05732484076433121 0.05128205128205128 0.07961783439490445
2 0.5378787878787878 0.5509554140127388 0.0337995337995338 0.07961783439490445
0 0.8123543123543123 0.5979299363057324 0.053613053613053616 0.04617834394904458
1 0.8776223776223776 0.3288216560509554 0.06293706293706294 0.042993630573248405
1 0.08391608391608392 0.5613057324840764 0.04428904428904429 0.12898089171974522
1 0.4627039627039627 0.9323248407643312 0.03496503496503497 0.06847133757961783
1 0.14918414918414918 0.7794585987261147 0.07226107226107226 0.18312101910828024
