1 0.7808857808857809 0.3001592356687898 0.055944055944055944 0.10031847133757962
1 0.8671328671328671 0.31210191082802546 0.05128205128205128 0.044585987261146494
2 0.6101398601398601 0.9482484076433121 0.0337995337995338 0.09394904458598727
1 0.8490675990675991 0.7197452229299363 0.04079254079254079 0.025477707006369428
0 0.08624708624708624 0.33678343949044587 0.053613053613053616 0.06847133757961783
1 0.6334498834498834 0.8702229299363057 0.06177156177156177 0.03980891719745223
0 0.7896270396270396 0.4578025477707006 0.09906759906759907 0.08121019108280254
1 0.8298368298368298 0.160828025477707 0.05827505827505827 0.03503184713375796
1 0.7068764568764568 0.28423566878980894 0.054778554778554776 0.11942675159235669
1 0.36538461538461536 0.49920382165605093 0.04312354312354312 0.12579617834394904
