2 0.3560606060606061 0.08121019108280254 0.038461538461538464 0.08280254777070063
1 0.9306526806526807 0.7507961783439491 0.05944055944055944 0.1321656050955414
2 0.8648018648018648 0.7834394904458599 0.053613053613053616 0.03821656050955414
2 0.5093240093240093 0.14888535031847133 0.039627039627039624 0.10668789808917198
1 0.583916083916084 0.39570063694267515 0.04195804195804196 0.12579617834394904
2 0.5087412587412588 0.6624203821656051 0.038461538461538464 0.08280254777070063
2 0.28496503496503495 0.8590764331210191 0.038461538461538464 0.09076433121019108
2 0.9061771561771562 0.927547770700637 0.03146853146853147 0.07484076433121019
2 0.8636363636363636 0.4004777070063694 0.030303030303030304 0.07165605095541401
1 0.6858974358974359 0.589171974522293 0.05944055944055944 0.03821656050955414
