1 0.7773892773892774 0.2340764331210191 0.04195804195804196 0.05732484076433121
2 0.23368298368298368 0.8105095541401274 0.07575757575757576 0.0732484076433121
1 0.26282051282051283 0.12101910828025478 0.08741258741258741 0.07006369426751592
1 0.15792540792540793 0.5135350318471338 0.09673659673659674 0.17993630573248406
2 0.256993006993007 0.3519108280254777 0.029137529137529136 0.08917197452229299
1 0.8094405594405595 0.7507961783439491 0.05944055944055944 0.1321656050955414
1 0.8817016317016317 0.7707006369426752 0.05944055944055944 0.1305732484076433
1 0.4160839160839161 0.6863057324840764 0.03263403263403263 0.08598726114649681
1 0.5990675990675991 0.20461783439490447 0.09557109557109557 0.06210191082802548
1 0.44638694638694637 0.8590764331210191 0.039627039627039624 0.020700636942675158
