2 0.6853146853146853 0.6632165605095541 0.02564102564102564 0.07165605095541401
2 0.5745920745920746 0.392515923566879 0.030303030303030304 0.07802547770700637
1 0.946969696969697 0.839968152866242 0.04079254079254079 0.02388535031847134
1 0.5722610722610723 0.7125796178343949 0.09557109557109557 0.18630573248407642
2 0.10897435897435898 0.6027070063694268 0.06177156177156177 0.052547770700636945
1 0.5938228438228438 0.9148089171974523 0.05710955710955711 0.03662420382165605
1 0.3916083916083916 0.2906050955414013 0.08624708624708624 0.05573248407643312
1 0.45454545454545453 0.3200636942675159 0.037296037296037296 0.03184713375796178
1 0.6701631701631702 0.8479299363057324 0.07226107226107226 0.1321656050955414
1 0.9003496503496503 0.7818471337579618 0.038461538461538464 0.03184713375796178
