1 0.8706293706293706 0.6114649681528662 0.023310023310023312 0.05732484076433121
1 0.07109557109557109 0.2340764331210191 0.13752913752913754 0.11464968152866242
1 0.2762237762237762 0.5796178343949044 0.09324009324009325 0.05732484076433121
2 0.5652680652680653 0.0517515923566879 0.030303030303030304 0.07165605095541401
1 0.7290209790209791 0.85828025477707 0.0944055944055944 0.05732484076433121
0 0.2296037296037296 0.46576433121019106 0.03496503496503497 0.06847133757961783
1 0.7424242424242424 0.09792993630573249 0.027972027972027972 0.07802547770700637
1 0.62995337995338 0.17595541401273884 0.05944055944055944 0.1321656050955414
1 0.7208624708624709 0.7006369426751592 0.06643356643356643 0.044585987261146494
1 0.43414918414918413 0.7277070063694268 0.0944055944055944 0.05732484076433121
