1 0.13986013986013987 0.27945859872611467 0.039627039627039624 0.02388535031847134
1 0.8817016317016317 0.267515923566879 0.019813519813519812 0.05732484076433121
1 0.46853146853146854 0.23885350318471338 0.018648018648018648 0.054140127388535034
0 0.5442890442890443 0.3885350318471338 0.06993006993006994 0.1305732484076433
2 0.29545454545454547 0.9737261146496815 0.05944055944055944 0.052547770700636945
2 0.6724941724941725 0.7635350318471338 0.06060606060606061 0.052547770700636945
1 0.009906759906759906 0.8487261146496815 0.017482517482517484 0.054140127388535034
1 0.7266899766899767 0.4721337579617834 0.05944055944055944 0.08121019108280254
0 0.5512820512820513 0.9378980891719745 0.053613053613053616 0.04777070063694268
1 0.3817016317016317 0.75 0.05944055944055944 0.03821656050955414
