1 0.7505827505827506 0.7778662420382165 0.08158508158508158 0.06210191082802548
1 0.6736596736596736 0.11464968152866242 0.03263403263403263 0.08917197452229299
2 0.5675990675990676 0.4713375796178344 0.05128205128205128 0.03184713375796178
2 0.75 0.14729299363057324 0.038461538461538464 0.10668789808917198
1 0.9283216783216783 0.17117834394904458 0.05710955710955711 0.03662420382165605
1 0.29953379953379955 0.06210191082802548 0.04895104895104895 0.10191082802547771
2 0.10897435897435898 0.6998407643312102 0.06177156177156177 0.052547770700636945
0 0.4085081585081585 0.6990445859872612 0.07109557109557109 0.05732484076433121
0 0.5128205128205128 0.40764331210191085 0.04195804195804196 0.05732484076433121
1 0.48426573426573427 0.7515923566878981 0.06876456876456877 0.054140127388535034
