2 0.13053613053613053 0.3320063694267516 0.023310023310023312 0.06528662420382166
0 0.09032634032634032 0.8017515923566879 0.09906759906759907 0.09076433121019108
1 0.4965034965034965 0.16162420382165604 0.016317016317016316 0.052547770700636945
0 0.5722610722610723 0.8113057324840764 0.053613053613053616 0.04617834394904458
1 0.06934731934731934 0.5334394904458599 0.05944055944055944 0.1305732484076433
1 0.7371794871794872 0.8734076433121019 0.13636363636363635 0.09076433121019108
1 0.8467365967365967 0.9299363057324841 0.045454545454545456 0.1305732484076433
2 0.4493006993006993 0.12261146496815287 0.05710955710955711 0.03821656050955414
0 0.9825174825174825 0.04060509554140127 0.02564102564102564 0.07165605095541401
1 0.5262237762237763 0.38296178343949044 0.054778554778554776 0.03343949044585987
