0 0.9324009324009324 0.7834394904458599 0.03496503496503497 0.07006369426751592
1 0.8537296037296037 0.7914012738853503 0.017482517482517484 0.054140127388535034
1 0.5011655011655012 0.28343949044585987 0.09557109557109557 0.07006369426751592
1 0.12004662004662005 0.8073248407643312 0.07459207459207459 0.1305732484076433
2 0.5716783216783217 0.8463375796178344 0.038461538461538464 0.09076433121019108
1 0.5134032634032634 0.7707006369426752 0.04079254079254079 0.08280254777070063
2 0.6486013986013986 0.6449044585987261 0.03146853146853147 0.08280254777070063
1 0.6113053613053613 0.23487261146496816 0.09673659673659674 0.08121019108280254
1 0.5262237762237763 0.570859872611465 0.0944055944055944 0.0875796178343949
0 0.3776223776223776 0.3980891719745223 0.037296037296037296 0.03184713375796178
