1 0.6701631701631702 0.48328025477707004 0.09557109557109557 0.06210191082802548
2 0.8927738927738927 0.910031847133758 0.06293706293706294 0.052547770700636945
2 0.331002331002331 0.5628980891719745 0.027972027972027972 0.06847133757961783
0 0.4405594405594406 0.3662420382165605 0.04895104895104895 0.044585987261146494
2 0.42657342657342656 0.7436305732484076 0.030303030303030304 0.07961783439490445
1 0.6276223776223776 0.25238853503184716 0.015151515151515152 0.02388535031847134
0 0.0675990675990676 0.3184713375796178 0.06060606060606061 0.05732484076433121
1 0.6876456876456877 0.11385350318471338 0.09557109557109557 0.08121019108280254
0 0.8851981351981352 0.6695859872611465 0.04079254079254079 0.0875796178343949
1 0.7395104895104895 0.7603503184713376 0.054778554778554776 0.13535031847133758
