0 0.8986013986013986 0.18789808917197454 0.0675990675990676 0.04777070063694268
1 0.087995337995338 0.40605095541401276 0.05944055944055944 0.1305732484076433
2 0.668997668997669 0.24601910828025478 0.027972027972027972 0.06847133757961783
1 0.5973193473193473 0.5214968152866242 0.09207459207459208 0.07802547770700637
2 0.7371794871794872 0.6138535031847133 0.06177156177156177 0.03980891719745223
0 0.22494172494172493 0.15764331210191082 0.07925407925407925 0.07006369426751592
1 0.8572261072261073 0.4601910828025478 0.05244755244755245 0.044585987261146494
1 0.7762237762237763 0.2762738853503185 0.08158508158508158 0.06210191082802548
0 0.5611888111888111 0.7308917197452229 0.1386946386946387 0.1178343949044586
1 0.4574592074592075 0.21019108280254778 0.05944055944055944 0.1305732484076433
