1 0.6637529137529138 0.1480891719745223 0.14801864801864803 0.09554140127388536
0 0.07634032634032634 0.5883757961783439 0.038461538461538464 0.08439490445859872
1 0.4184149184149184 0.2571656050955414 0.08158508158508158 0.06210191082802548
1 0.7977855477855478 0.2945859872611465 0.03613053613053613 0.022292993630573247
0 0.8432400932400932 0.7834394904458599 0.06876456876456877 0.04777070063694268
0 0.6095571095571095 0.23168789808917198 0.06293706293706294 0.052547770700636945
2 0.7826340326340326 0.7412420382165605 0.03146853146853147 0.07484076433121019
2 0.9691142191142191 0.8232484076433121 0.038461538461538464 0.08280254777070063
0 0.24533799533799533 0.1839171974522293 0.08275058275058275 0.07484076433121019
2 0.351981351981352 0.9371019108280255 0.03496503496503497 0.027070063694267517
