1 0.8059440559440559 0.8152866242038217 0.045454545454545456 0.1305732484076433
2 0.9574592074592074 0.7229299363057324 0.05011655011655012 0.03821656050955414
2 0.925990675990676 0.5294585987261147 0.019813519813519812 0.0589171974522293
1 0.45046620046620045 0.6035031847133758 0.017482517482517484 0.054140127388535034
2 0.9784382284382285 0.3877388535031847 0.026806526806526808 0.08439490445859872
1 0.6002331002331003 0.8288216560509554 0.046620046620046623 0.1321656050955414
0 0.3974358974358974 0.1536624203821656 0.053613053613053616 0.04617834394904458
1 0.38461538461538464 0.5636942675159236 0.023310023310023312 0.05732484076433121
1 0.6311188811188811 0.21098726114649682 0.05944055944055944 0.1321656050955414
1 0.4324009324009324 0.8487261146496815 0.09324009324009325 0.06050955414012739
