2 0.4230769230769231 0.6767515923566879 0.03496503496503497 0.10191082802547771
0 0.75 0.5732484076433121 0.05011655011655012 0.04777070063694268
1 0.43006993006993005 0.45302547770700635 0.09557109557109557 0.08121019108280254
1 0.8980186480186481 0.22452229299363058 0.029137529137529136 0.08280254777070063
0 0.6544289044289044 0.2898089171974522 0.08275058275058275 0.17834394904458598
0 0.7418414918414918 0.6767515923566879 0.019813519813519812 0.06050955414012739
0 0.7814685314685315 0.34235668789808915 0.05011655011655012 0.03821656050955414
1 0.745920745920746 0.946656050955414 0.016317016317016316 0.04617834394904458
1 0.6048951048951049 0.5509554140127388 0.04428904428904429 0.11146496815286625
0 0.7628205128205128 0.8670382165605095 0.038461538461538464 0.06847133757961783
