1 0.19696969696969696 0.016719745222929936 0.039627039627039624 0.02388535031847134
1 0.8146853146853147 0.892515923566879 0.030303030303030304 0.08439490445859872
0 0.4155011655011655 0.34156050955414013 0.054778554778554776 0.11305732484076433
1 0.622960372960373 0.7921974522292994 0.08275058275058275 0.07484076433121019
1 0.5990675990675991 0.48168789808917195 0.04195804195804196 0.12579617834394904
1 0.06701631701631702 0.4593949044585987 0.04079254079254079 0.12261146496815287
1 0.7715617715617715 0.10589171974522293 0.039627039627039624 0.02388535031847134
2 0.972027972027972 0.38136942675159236 0.027972027972027972 0.07802547770700637
1 0.19289044289044288 0.42197452229299365 0.04079254079254079 0.022292993630573247
1 0.8461538461538461 0.5007961783439491 0.09557109557109557 0.08121019108280254
