0 0.9755244755244755 0.6878980891719745 0.03263403263403263 0.07961783439490445
1 0.3991841491841492 0.9625796178343949 0.09207459207459208 0.06528662420382166
1 0.8141025641025641 0.5254777070063694 0.08741258741258741 0.05732484076433121
1 0.736013986013986 0.35429936305732485 0.038461538461538464 0.02388535031847134
0 0.24592074592074592 0.21019108280254778 0.023310023310023312 0.050955414012738856
1 0.11363636363636363 0.4729299363057325 0.06177156177156177 0.041401273885350316
1 0.9289044289044289 0.5636942675159236 0.046620046620046623 0.08280254777070063
1 0.6264568764568764 0.3320063694267516 0.054778554778554776 0.11305732484076433
2 0.5821678321678322 0.6990445859872612 0.017482517482517484 0.044585987261146494
1 0.3986013986013986 0.6170382165605095 0.018648018648018648 0.05573248407643312
