1 0.47086247086247085 0.47770700636942676 0.1445221445221445 0.09872611464968153
1 0.0780885780885781 0.9315286624203821 0.030303030303030304 0.08917197452229299
1 0.2692307692307692 0.6194267515923567 0.08158508158508158 0.06050955414012739
1 0.4376456876456876 0.7563694267515924 0.0337995337995338 0.050955414012738856
0 0.26456876456876455 0.3622611464968153 0.06293706293706294 0.052547770700636945
0 0.16433566433566432 0.8550955414012739 0.08158508158508158 0.08917197452229299
1 0.432983682983683 0.3885350318471338 0.026806526806526808 0.050955414012738856
0 0.736013986013986 0.8487261146496815 0.06876456876456877 0.054140127388535034
1 0.28613053613053613 0.856687898089172 0.05944055944055944 0.03503184713375796
1 0.6113053613053613 0.5692675159235668 0.054778554778554776 0.11305732484076433
