0 0.8152680652680653 0.7730891719745223 0.05944055944055944 0.042993630573248405
0 0.34906759906759904 0.5764331210191083 0.045454545454545456 0.10828025477707007
2 0.5011655011655012 0.6504777070063694 0.027972027972027972 0.07484076433121019
1 0.8304195804195804 0.21656050955414013 0.045454545454545456 0.11146496815286625
2 0.8747086247086248 0.5835987261146497 0.03146853146853147 0.06210191082802548
0 0.4370629370629371 0.6050955414012739 0.08857808857808858 0.07006369426751592
1 0.36946386946386944 0.35111464968152867 0.03263403263403263 0.09076433121019108
1 0.8135198135198135 0.8941082802547771 0.016317016317016316 0.052547770700636945
1 0.9755244755244755 0.3893312101910828 0.04195804195804196 0.12261146496815287
1 0.8181818181818182 0.46576433121019106 0.04428904428904429 0.12579617834394904
