1 0.615967365967366 0.6114649681528662 0.017482517482517484 0.054140127388535034
1 0.7616550116550117 0.6727707006369427 0.08275058275058275 0.07484076433121019
1 0.5984848484848485 0.3335987261146497 0.05944055944055944 0.1321656050955414
1 0.44871794871794873 0.8439490445859873 0.08158508158508158 0.06050955414012739
1 0.32284382284382285 0.03184713375796178 0.0675990675990676 0.06369426751592357
1 0.754079254079254 0.37738853503184716 0.053613053613053616 0.05732484076433121
0 0.3473193473193473 0.2945859872611465 0.02564102564102564 0.06687898089171974
1 0.24592074592074592 0.06926751592356688 0.016317016317016316 0.052547770700636945
1 0.28496503496503495 0.6799363057324841 0.09673659673659674 0.09554140127388536
1 0.6095571095571095 0.10748407643312102 0.037296037296037296 0.1035031847133758
