1 0.7634032634032634 0.9394904458598726 0.0675990675990676 0.08280254777070063
0 0.21153846153846154 0.3328025477707006 0.05011655011655012 0.03821656050955414
2 0.24125874125874125 0.6130573248407644 0.030303030303030304 0.07006369426751592
0 0.622960372960373 0.7651273885350318 0.06177156177156177 0.052547770700636945
1 0.662004662004662 0.03105095541401274 0.09557109557109557 0.06210191082802548
1 0.6655011655011654 0.3144904458598726 0.02564102564102564 0.08121019108280254
2 0.5600233100233101 0.44745222929936307 0.05944055944055944 0.054140127388535034
1 0.6800699300699301 0.9681528662420382 0.06643356643356643 0.04777070063694268
1 0.7534965034965035 0.08200636942675159 0.05944055944055944 0.1321656050955414
1 0.9055944055944056 0.2619426751592357 0.09557109557109557 0.08121019108280254
