1 0.19522144522144522 0.4609872611464968 0.05944055944055944 0.03662420382165605
1 0.4224941724941725 0.464171974522293 0.03146853146853147 0.042993630573248405
1 0.030303030303030304 0.6703821656050956 0.04428904428904429 0.10828025477707007
0 0.36538461538461536 0.12181528662420382 0.05011655011655012 0.03662420382165605
1 0.5425407925407926 0.7292993630573248 0.04079254079254079 0.025477707006369428
0 0.7051282051282052 0.8503184713375797 0.037296037296037296 0.07643312101910828
1 0.8677156177156177 0.5191082802547771 0.1386946386946387 0.09872611464968153
1 0.715034965034965 0.42038216560509556 0.026806526806526808 0.07961783439490445
1 0.4015151515151515 0.6218152866242038 0.13636363636363635 0.09394904458598727
1 0.9487179487179487 0.30812101910828027 0.08391608391608392 0.17993630573248406
