1 0.32575757575757575 0.5676751592356688 0.054778554778554776 0.11942675159235669
1 0.19347319347319347 0.10111464968152867 0.018648018648018648 0.04936305732484077
1 0.5693473193473193 0.30971337579617836 0.05944055944055944 0.1321656050955414
1 0.263986013986014 0.10907643312101911 0.03146853146853147 0.06210191082802548
1 0.3484848484848485 0.019904458598726114 0.046620046620046623 0.030254777070063694
2 0.7465034965034965 0.6942675159235668 0.0337995337995338 0.08598726114649681
2 0.546037296037296 0.8527070063694268 0.015151515151515152 0.042993630573248405
0 0.3793706293706294 0.1998407643312102 0.03613053613053613 0.06528662420382166
1 0.9341491841491841 0.803343949044586 0.05944055944055944 0.1321656050955414
1 0.7406759906759907 0.07484076433121019 0.04312354312354312 0.11464968152866242
