1 0.4621212121212121 0.6576433121019108 0.017482517482517484 0.054140127388535034
0 0.9842657342657343 0.39729299363057324 0.03146853146853147 0.06210191082802548
1 0.7709790209790209 0.6146496815286624 0.047785547785547784 0.12420382165605096
0 0.49184149184149184 0.5835987261146497 0.10955710955710955 0.08439490445859872
0 0.23076923076923078 0.7078025477707006 0.053613053613053616 0.04617834394904458
2 0.19114219114219114 0.8009554140127388 0.08391608391608392 0.05732484076433121
2 0.5011655011655012 0.10907643312101911 0.02097902097902098 0.06528662420382166
2 0.3181818181818182 0.5867834394904459 0.027972027972027972 0.06847133757961783
2 0.13111888111888112 0.5310509554140127 0.054778554778554776 0.11305732484076433
1 0.15268065268065267 0.1409235668789809 0.08158508158508158 0.05573248407643312
