0 0.7517482517482518 0.12738853503184713 0.10722610722610723 0.11464968152866242
1 0.12878787878787878 0.12340764331210191 0.08741258741258741 0.0589171974522293
1 0.8916083916083916 0.17038216560509553 0.016317016317016316 0.054140127388535034
1 0.05419580419580419 0.429140127388535 0.0944055944055944 0.0589171974522293
1 0.9434731934731935 0.4625796178343949 0.017482517482517484 0.05573248407643312
1 0.26282051282051283 0.18630573248407642 0.03146853146853147 0.09554140127388536
2 0.36013986013986016 0.2643312101910828 0.037296037296037296 0.09554140127388536
2 0.22785547785547786 0.7730891719745223 0.06177156177156177 0.052547770700636945
1 0.49009324009324007 0.5875796178343949 0.08275058275058275 0.20063694267515925
1 0.6223776223776224 0.29538216560509556 0.04428904428904429 0.12261146496815287
