1 0.8467365967365967 0.13136942675159236 0.05944055944055944 0.1321656050955414
1 0.9440559440559441 0.37101910828025475 0.053613053613053616 0.044585987261146494
1 0.8560606060606061 0.6210191082802548 0.04312354312354312 0.1178343949044586
1 0.7249417249417249 0.06528662420382166 0.09324009324009325 0.05732484076433121
1 0.10606060606060606 0.4068471337579618 0.039627039627039624 0.02388535031847134
1 0.19289044289044288 0.8837579617834395 0.05944055944055944 0.1305732484076433
2 0.6870629370629371 0.9084394904458599 0.038461538461538464 0.07484076433121019
1 0.8980186480186481 0.8622611464968153 0.03146853146853147 0.0875796178343949
1 0.502913752913753 0.23964968152866242 0.047785547785547784 0.1321656050955414
1 0.7395104895104895 0.2515923566878981 0.029137529137529136 0.08598726114649681
