2 0.6025641025641025 0.3495222929936306 0.030303030303030304 0.07165605095541401
2 0.6905594405594405 0.16878980891719744 0.038461538461538464 0.08280254777070063
0 0.046620046620046623 0.9593949044585988 0.09324009324009325 0.07165605095541401
0 0.960955710955711 0.7611464968152867 0.05011655011655012 0.03821656050955414
0 0.7412587412587412 0.21735668789808918 0.030303030303030304 0.07165605095541401
1 0.6054778554778555 0.7070063694267515 0.12937062937062938 0.09235668789808917
1 0.4527972027972028 0.08280254777070063 0.0337995337995338 0.09235668789808917
0 0.9242424242424242 0.6409235668789809 0.030303030303030304 0.06847133757961783
1 0.377039627039627 0.7117834394904459 0.1317016317016317 0.08917197452229299
2 0.7937062937062938 0.5222929936305732 0.037296037296037296 0.09554140127388536
