1 0.5705128205128205 0.37738853503184716 0.04079254079254079 0.025477707006369428
0 0.3082750582750583 0.9243630573248408 0.05944055944055944 0.04936305732484077
1 0.8362470862470862 0.18710191082802546 0.08275058275058275 0.07484076433121019
1 0.743006993006993 0.8479299363057324 0.026806526806526808 0.06847133757961783
1 0.0944055944055944 0.11464968152866242 0.08857808857808858 0.050955414012738856
2 0.7284382284382285 0.5692675159235668 0.053613053613053616 0.042993630573248405
1 0.19755244755244755 0.6098726114649682 0.045454545454545456 0.1305732484076433
1 0.14918414918414918 0.26910828025477707 0.030303030303030304 0.06050955414012739
1 0.6643356643356644 0.4307324840764331 0.03496503496503497 0.027070063694267517
2 0.4737762237762238 0.9617834394904459 0.05710955710955711 0.03821656050955414
