1 0.2733100233100233 0.4211783439490446 0.04079254079254079 0.02388535031847134
1 0.0979020979020979 0.42754777070063693 0.030303030303030304 0.08439490445859872
1 0.9551282051282052 0.32722929936305734 0.08275058275058275 0.07484076433121019
2 0.6322843822843823 0.76671974522293 0.06177156177156177 0.052547770700636945
1 0.24475524475524477 0.695859872611465 0.09557109557109557 0.07006369426751592
1 0.168997668997669 0.3853503184713376 0.03496503496503497 0.07006369426751592
0 0.47435897435897434 0.6321656050955414 0.09324009324009325 0.06687898089171974
1 0.377039627039627 0.8598726114649682 0.0944055944055944 0.06050955414012739
1 0.12878787878787878 0.6839171974522293 0.05944055944055944 0.1321656050955414
0 0.23717948717948717 0.044585987261146494 0.0641025641025641 0.06050955414012739
