1 0.833916083916084 0.7730891719745223 0.05944055944055944 0.1321656050955414
1 0.9090909090909091 0.2659235668789809 0.08158508158508158 0.06050955414012739
1 0.4574592074592075 0.3606687898089172 0.09673659673659674 0.08121019108280254
1 0.29545454545454547 0.35429936305732485 0.024475524475524476 0.0589171974522293
1 0.5961538461538461 0.785828025477707 0.054778554778554776 0.11305732484076433
1 0.3525641025641026 0.17436305732484075 0.05944055944055944 0.1321656050955414
2 0.2511655011655012 0.1409235668789809 0.029137529137529136 0.07165605095541401
1 0.6486013986013986 0.3073248407643312 0.06876456876456877 0.054140127388535034
0 0.9533799533799534 0.1823248407643312 0.06293706293706294 0.052547770700636945
1 0.23717948717948717 0.2762738853503185 0.05944055944055944 0.1321656050955414
