1 0.7558275058275058 0.9012738853503185 0.029137529137529136 0.09235668789808917
2 0.9026806526806527 0.7364649681528662 0.038461538461538464 0.08439490445859872
1 0.8863636363636364 0.10748407643312102 0.05710955710955711 0.03343949044585987
1 0.6800699300699301 0.2746815286624204 0.03146853146853147 0.08121019108280254
2 0.7208624708624709 0.03423566878980892 0.06177156177156177 0.052547770700636945
2 0.513986013986014 0.5390127388535032 0.030303030303030304 0.07165605095541401
1 0.587995337995338 0.06767515923566879 0.01282051282051282 0.07802547770700637
2 0.07983682983682984 0.21656050955414013 0.038461538461538464 0.10509554140127389
2 0.7092074592074592 0.8829617834394905 0.05944055944055944 0.052547770700636945
2 0.1386946386946387 0.3606687898089172 0.030303030303030304 0.07165605095541401
