1 0.6305361305361306 0.9140127388535032 0.05827505827505827 0.03503184713375796
1 0.7086247086247086 0.48168789808917195 0.04195804195804196 0.02388535031847134
1 0.20221445221445222 0.32961783439490444 0.05944055944055944 0.1305732484076433
1 0.7051282051282052 0.8941082802547771 0.06993006993006994 0.1767515923566879
1 0.6019813519813519 0.09554140127388536 0.05944055944055944 0.1305732484076433
0 0.024475524475524476 0.4315286624203822 0.037296037296037296 0.08598726114649681
0 0.14393939393939395 0.8638535031847133 0.0641025641025641 0.0589171974522293
0 0.3956876456876457 0.6918789808917197 0.054778554778554776 0.11305732484076433
1 0.05827505827505827 0.8821656050955414 0.027972027972027972 0.07961783439490445
0 0.666083916083916 0.4434713375796178 0.05944055944055944 0.042993630573248405
