0 0.5384615384615384 0.04538216560509554 0.06293706293706294 0.052547770700636945
1 0.7797202797202797 0.3105095541401274 0.0675990675990676 0.06369426751592357
1 0.2907925407925408 0.2898089171974522 0.05944055944055944 0.04777070063694268
2 0.8362470862470862 0.09156050955414012 0.0337995337995338 0.07802547770700637
1 0.7051282051282052 0.9084394904458599 0.08624708624708624 0.07484076433121019
0 0.15326340326340326 0.5151273885350318 0.038461538461538464 0.08439490445859872
1 0.23601398601398602 0.052547770700636945 0.09207459207459208 0.06050955414012739
0 0.1655011655011655 0.20939490445859874 0.037296037296037296 0.08439490445859872
0 0.7762237762237763 0.45302547770700635 0.046620046620046623 0.09394904458598727
0 0.884032634032634 0.23248407643312102 0.05244755244755245 0.041401273885350316
