1 0.46445221445221446 0.5477707006369427 0.017482517482517484 0.050955414012738856
1 0.3758741258741259 0.08200636942675159 0.05944055944055944 0.1321656050955414
1 0.9289044289044289 0.6265923566878981 0.039627039627039624 0.02388535031847134
2 0.24125874125874125 0.14729299363057324 0.030303030303030304 0.07165605095541401
1 0.10023310023310024 0.04936305732484077 0.08158508158508158 0.06050955414012739
1 0.7144522144522144 0.08678343949044585 0.1445221445221445 0.09394904458598727
1 0.6363636363636364 0.4267515923566879 0.08158508158508158 0.06050955414012739
2 0.7261072261072261 0.25238853503184716 0.030303030303030304 0.0875796178343949
2 0.3484848484848485 0.5031847133757962 0.039627039627039624 0.08280254777070063
1 0.7191142191142191 0.5509554140127388 0.02564102564102564 0.06687898089171974
