2 0.7400932400932401 0.3471337579617834 0.06060606060606061 0.1178343949044586
2 0.23892773892773891 0.9323248407643312 0.06293706293706294 0.052547770700636945
1 0.877039627039627 0.8877388535031847 0.09673659673659674 0.08121019108280254
1 0.5122377622377622 0.2587579617834395 0.03146853146853147 0.0875796178343949
0 0.8234265734265734 0.37977707006369427 0.04079254079254079 0.0875796178343949
1 0.4632867132867133 0.6186305732484076 0.06876456876456877 0.0589171974522293
1 0.36655011655011654 0.09792993630573249 0.05944055944055944 0.1321656050955414
1 0.10081585081585082 0.6950636942675159 0.017482517482517484 0.052547770700636945
1 0.6252913752913752 0.7285031847133758 0.05944055944055944 0.1321656050955414
1 0.6212121212121212 0.3630573248407643 0.030303030303030304 0.08280254777070063
