1 0.9347319347319347 0.7754777070063694 0.055944055944055944 0.03503184713375796
1 0.8951048951048951 0.08359872611464968 0.03263403263403263 0.0875796178343949
1 0.6853146853146853 0.11146496815286625 0.05827505827505827 0.050955414012738856
1 0.9236596736596736 0.6926751592356688 0.017482517482517484 0.054140127388535034
1 0.0337995337995338 0.6265923566878981 0.04195804195804196 0.12579617834394904
2 0.11421911421911422 0.803343949044586 0.030303030303030304 0.07165605095541401
1 0.5641025641025641 0.893312101910828 0.13752913752913754 0.09235668789808917
2 0.8356643356643356 0.5246815286624203 0.02564102564102564 0.06847133757961783
1 0.4533799533799534 0.76671974522293 0.08158508158508158 0.06210191082802548
2 0.9493006993006993 0.12818471337579618 0.06177156177156177 0.052547770700636945
