2 0.3146853146853147 0.08359872611464968 0.05128205128205128 0.03343949044585987
1 0.5909090909090909 0.43710191082802546 0.027972027972027972 0.08439490445859872
1 0.10606060606060606 0.2762738853503185 0.016317016317016316 0.052547770700636945
2 0.38752913752913754 0.8686305732484076 0.05944055944055944 0.04617834394904458
1 0.47027972027972026 0.3996815286624204 0.07342657342657342 0.05732484076433121
1 0.27564102564102566 0.6544585987261147 0.05944055944055944 0.1305732484076433
1 0.7785547785547785 0.5772292993630573 0.039627039627039624 0.02388535031847134
1 0.7488344988344988 0.8964968152866242 0.024475524475524476 0.054140127388535034
1 0.921911421911422 0.26512738853503187 0.03496503496503497 0.10031847133757962
1 0.6958041958041958 0.518312101910828 0.0675990675990676 0.13535031847133758
