1 0.7534965034965035 0.6815286624203821 0.026806526806526808 0.07961783439490445
2 0.3106060606060606 0.19347133757961785 0.05710955710955711 0.03662420382165605
2 0.47785547785547783 0.41003184713375795 0.027972027972027972 0.06847133757961783
2 0.3210955710955711 0.5270700636942676 0.05011655011655012 0.03184713375796178
2 0.2505827505827506 0.21656050955414013 0.039627039627039624 0.10509554140127389
2 0.8385780885780886 0.8972929936305732 0.038461538461538464 0.08439490445859872
2 0.48834498834498835 0.3176751592356688 0.030303030303030304 0.07165605095541401
1 0.7132867132867133 0.30812101910828027 0.07226107226107226 0.06528662420382166
0 0.3321678321678322 0.2890127388535032 0.08391608391608392 0.07802547770700637
1 0.14044289044289043 0.6695859872611465 0.054778554778554776 0.11305732484076433
