0 0.7826340326340326 0.8192675159235668 0.038461538461538464 0.08439490445859872
0 0.5926573426573427 0.4864649681528662 0.038461538461538464 0.06847133757961783
0 0.263986013986014 0.4681528662420382 0.0337995337995338 0.07961783439490445
1 0.3572261072261072 0.36863057324840764 0.05944055944055944 0.1321656050955414
1 0.5203962703962703 0.23168789808917198 0.12937062937062938 0.09076433121019108
0 0.2062937062937063 0.2611464968152866 0.07925407925407925 0.07006369426751592
0 0.2872960372960373 0.08200636942675159 0.06177156177156177 0.052547770700636945
2 0.4603729603729604 0.8240445859872612 0.046620046620046623 0.030254777070063694
1 0.9382284382284383 0.2125796178343949 0.05827505827505827 0.11305732484076433
2 0.09324009324009325 0.14570063694267515 0.030303030303030304 0.07165605095541401
