1 0.6975524475524476 0.5915605095541401 0.06177156177156177 0.03662420382165605
1 0.08741258741258741 0.08280254777070063 0.0979020979020979 0.09235668789808917
1 0.4959207459207459 0.09952229299363058 0.05944055944055944 0.1321656050955414
1 0.38344988344988346 0.2229299363057325 0.016317016317016316 0.054140127388535034
2 0.8082750582750583 0.1679936305732484 0.038461538461538464 0.08439490445859872
2 0.4737762237762238 0.8367834394904459 0.06177156177156177 0.052547770700636945
1 0.8607226107226107 0.8773885350318471 0.06876456876456877 0.041401273885350316
1 0.8939393939393939 0.49920382165605093 0.05128205128205128 0.04617834394904458
1 0.20454545454545456 0.29697452229299365 0.026806526806526808 0.08439490445859872
0 0.7861305361305362 0.3885350318471338 0.024475524475524476 0.06687898089171974
