1 0.9248251748251748 0.37898089171974525 0.029137529137529136 0.06687898089171974
1 0.9452214452214452 0.910031847133758 0.046620046620046623 0.11305732484076433
1 0.918997668997669 0.5700636942675159 0.0337995337995338 0.09872611464968153
0 0.8642191142191142 0.7229299363057324 0.029137529137529136 0.06369426751592357
0 0.8595571095571095 0.5923566878980892 0.045454545454545456 0.10828025477707007
1 0.4731934731934732 0.8519108280254777 0.03263403263403263 0.08280254777070063
1 0.8508158508158508 0.23964968152866242 0.06293706293706294 0.03662420382165605
1 0.36655011655011654 0.8972929936305732 0.026806526806526808 0.06847133757961783
1 0.12179487179487179 0.2746815286624204 0.01282051282051282 0.07802547770700637
0 0.22494172494172493 0.1998407643312102 0.06293706293706294 0.052547770700636945
