2 0.33974358974358976 0.10270700636942676 0.05944055944055944 0.052547770700636945
0 0.4458041958041958 0.10589171974522293 0.054778554778554776 0.11305732484076433
0 0.5606060606060606 0.9426751592356688 0.04895104895104895 0.10191082802547771
1 0.7278554778554779 0.31369426751592355 0.026806526806526808 0.050955414012738856
0 0.9807692307692307 0.15605095541401273 0.03613053613053613 0.04777070063694268
2 0.23601398601398602 0.08121019108280254 0.054778554778554776 0.041401273885350316
1 0.8817016317016317 0.4601910828025478 0.026806526806526808 0.07961783439490445
2 0.0979020979020979 0.820859872611465 0.027972027972027972 0.06847133757961783
2 0.9102564102564102 0.6114649681528662 0.04195804195804196 0.10509554140127389
1 0.28088578088578087 0.3343949044585987 0.03263403263403263 0.08917197452229299
