1 0.662004662004662 0.5732484076433121 0.07925407925407925 0.06369426751592357
1 0.060023310023310024 0.40843949044585987 0.054778554778554776 0.08121019108280254
0 0.18706293706293706 0.8837579617834395 0.05244755244755245 0.041401273885350316
1 0.23193473193473194 0.267515923566879 0.13752913752913754 0.11464968152866242
1 0.7144522144522144 0.13853503184713375 0.018648018648018648 0.050955414012738856
1 0.8525641025641025 0.4625796178343949 0.05944055944055944 0.1321656050955414
1 0.43997668997669 0.30812101910828027 0.038461538461538464 0.02388535031847134
1 0.502913752913753 0.19665605095541402 0.05944055944055944 0.1321656050955414
1 0.3717948717948718 0.42436305732484075 0.14685314685314685 0.09394904458598727
1 0.7057109557109557 0.8519108280254777 0.017482517482517484 0.054140127388535034
