0 0.46386946386946387 0.7866242038216561 0.037296037296037296 0.08280254777070063
1 0.6416083916083916 0.36703821656050956 0.04079254079254079 0.02388535031847134
1 0.7144522144522144 0.5151273885350318 0.053613053613053616 0.03662420382165605
2 0.6235431235431236 0.8901273885350318 0.07692307692307693 0.050955414012738856
2 0.9446386946386947 0.2643312101910828 0.038461538461538464 0.08280254777070063
2 0.7715617715617715 0.23805732484076433 0.037296037296037296 0.09713375796178345
1 0.6060606060606061 0.035828025477707005 0.02564102564102564 0.07165605095541401
2 0.3245920745920746 0.2412420382165605 0.026806526806526808 0.08439490445859872
0 0.4195804195804196 0.37101910828025475 0.04895104895104895 0.10191082802547771
2 0.3787878787878788 0.0804140127388535 0.039627039627039624 0.08121019108280254
