1 0.9172494172494172 0.6727707006369427 0.04195804195804196 0.12579617834394904
1 0.6287878787878788 0.9753184713375797 0.06177156177156177 0.03980891719745223
1 0.7162004662004662 0.44745222929936307 0.04312354312354312 0.11464968152866242
2 0.5984848484848485 0.20222929936305734 0.038461538461538464 0.08598726114649681
2 0.7651515151515151 0.9498407643312102 0.0337995337995338 0.09394904458598727
0 0.3986013986013986 0.5955414012738853 0.06060606060606061 0.05732484076433121
1 0.4026806526806527 0.47054140127388533 0.054778554778554776 0.11305732484076433
1 0.6118881118881119 0.44187898089171973 0.09557109557109557 0.08121019108280254
1 0.08682983682983683 0.1106687898089172 0.09673659673659674 0.08121019108280254
2 0.8245920745920746 0.445859872611465 0.05011655011655012 0.03821656050955414
