1 0.6608391608391608 0.5628980891719745 0.05827505827505827 0.04617834394904458
1 0.2465034965034965 0.9713375796178344 0.026806526806526808 0.050955414012738856
1 0.7016317016317016 0.9386942675159236 0.03263403263403263 0.0875796178343949
1 0.06876456876456877 0.26831210191082805 0.04428904428904429 0.1321656050955414
2 0.9032634032634033 0.2269108280254777 0.027972027972027972 0.06847133757961783
0 0.14219114219114218 0.7985668789808917 0.04428904428904429 0.08121019108280254
1 0.3356643356643357 0.1982484076433121 0.0675990675990676 0.06528662420382166
0 0.10606060606060606 0.5684713375796179 0.037296037296037296 0.08598726114649681
0 0.5646853146853147 0.5207006369426752 0.10139860139860139 0.10509554140127389
0 0.835081585081585 0.8288216560509554 0.04312354312354312 0.12261146496815287
