1 0.16258741258741258 0.6496815286624203 0.13403263403263405 0.09235668789808917
1 0.5087412587412588 0.9371019108280255 0.04312354312354312 0.12579617834394904
0 0.9446386946386947 0.3049363057324841 0.0944055944055944 0.0875796178343949
0 0.553030303030303 0.8320063694267515 0.07109557109557109 0.06210191082802548
2 0.8094405594405595 0.49044585987261147 0.029137529137529136 0.0732484076433121
1 0.27913752913752915 0.44028662420382164 0.017482517482517484 0.052547770700636945
1 0.7365967365967366 0.015127388535031847 0.039627039627039624 0.02388535031847134
1 0.4376456876456876 0.6894904458598726 0.045454545454545456 0.1305732484076433
1 0.7861305361305362 0.21735668789808918 0.054778554778554776 0.03343949044585987
1 0.5174825174825175 0.09952229299363058 0.039627039627039624 0.02388535031847134
