1 0.8677156177156177 0.5613057324840764 0.09207459207459208 0.06528662420382166
2 0.627039627039627 0.4323248407643312 0.023310023310023312 0.05573248407643312
2 0.331002331002331 0.24681528662420382 0.055944055944055944 0.03821656050955414
0 0.5938228438228438 0.695859872611465 0.05944055944055944 0.04777070063694268
1 0.8688811188811189 0.3734076433121019 0.054778554778554776 0.11305732484076433
1 0.8980186480186481 0.6934713375796179 0.05944055944055944 0.1321656050955414
2 0.27214452214452217 0.07006369426751592 0.026806526806526808 0.08917197452229299
1 0.6445221445221445 0.6042993630573248 0.04428904428904429 0.12898089171974522
2 0.6491841491841492 0.8877388535031847 0.06060606060606061 0.052547770700636945
1 0.9667832167832168 0.6488853503184714 0.05944055944055944 0.1321656050955414
