1 0.291958041958042 0.08678343949044585 0.0944055944055944 0.06847133757961783
1 0.10606060606060606 0.8845541401273885 0.03263403263403263 0.07802547770700637
1 0.3117715617715618 0.2571656050955414 0.029137529137529136 0.08439490445859872
1 0.9102564102564102 0.6106687898089171 0.04195804195804196 0.12579617834394904
0 0.0472027972027972 0.05652866242038217 0.05710955710955711 0.04617834394904458
0 0.11888111888111888 0.677547770700637 0.06293706293706294 0.052547770700636945
2 0.8257575757575758 0.8606687898089171 0.038461538461538464 0.08439490445859872
1 0.7907925407925408 0.5366242038216561 0.017482517482517484 0.054140127388535034
0 0.10198135198135198 0.40843949044585987 0.038461538461538464 0.08439490445859872
1 0.44813519813519814 0.08917197452229299 0.026806526806526808 0.050955414012738856
