2 0.3298368298368298 0.4769108280254777 0.06060606060606061 0.03662420382165605
1 0.6590909090909091 0.1480891719745223 0.017482517482517484 0.054140127388535034
0 0.11363636363636363 0.6385350318471338 0.10372960372960373 0.11146496815286625
0 0.7703962703962703 0.03980891719745223 0.053613053613053616 0.04777070063694268
1 0.4772727272727273 0.7484076433121019 0.0944055944055944 0.06050955414012739
2 0.5600233100233101 0.3869426751592357 0.017482517482517484 0.054140127388535034
1 0.9475524475524476 0.2070063694267516 0.037296037296037296 0.03184713375796178
1 0.041375291375291376 0.3320063694267516 0.03146853146853147 0.0875796178343949
0 0.3513986013986014 0.3964968152866242 0.029137529137529136 0.07961783439490445
2 0.8432400932400932 0.5207006369426752 0.05944055944055944 0.044585987261146494
