1 0.2972027972027972 0.28105095541401276 0.08158508158508158 0.06210191082802548
1 0.7278554778554779 0.26831210191082805 0.09673659673659674 0.08121019108280254
1 0.921911421911422 0.4737261146496815 0.06993006993006994 0.1767515923566879
1 0.752913752913753 0.8550955414012739 0.027972027972027972 0.07961783439490445
1 0.8164335664335665 0.38455414012738853 0.038461538461538464 0.06847133757961783
1 0.9411421911421911 0.10429936305732485 0.04079254079254079 0.09713375796178345
1 0.7202797202797203 0.6671974522292994 0.06060606060606061 0.06369426751592357
1 0.6293706293706294 0.17277070063694266 0.08158508158508158 0.06210191082802548
1 0.6346153846153846 0.48168789808917195 0.017482517482517484 0.052547770700636945
0 0.07575757575757576 0.20382165605095542 0.053613053613053616 0.04777070063694268
