1 0.7488344988344988 0.2714968152866242 0.017482517482517484 0.052547770700636945
2 0.8187645687645687 0.8757961783439491 0.038461538461538464 0.08280254777070063
1 0.9271561771561772 0.60828025477707 0.05944055944055944 0.041401273885350316
0 0.7604895104895105 0.5995222929936306 0.06876456876456877 0.05573248407643312
1 0.5792540792540792 0.9116242038216561 0.039627039627039624 0.02388535031847134
1 0.8315850815850816 0.17834394904458598 0.08508158508158509 0.05732484076433121
2 0.5081585081585082 0.06050955414012739 0.018648018648018648 0.054140127388535034
1 0.9195804195804196 0.10589171974522293 0.018648018648018648 0.05573248407643312
2 0.3123543123543124 0.6576433121019108 0.055944055944055944 0.03821656050955414
0 0.5495337995337995 0.8662420382165605 0.06876456876456877 0.04777070063694268
