2 0.07342657342657342 0.32961783439490444 0.02564102564102564 0.07006369426751592
1 0.3175990675990676 0.3718152866242038 0.08741258741258741 0.06210191082802548
1 0.872960372960373 0.3328025477707006 0.06293706293706294 0.04777070063694268
1 0.2162004662004662 0.11464968152866242 0.047785547785547784 0.1337579617834395
1 0.532051282051282 0.8829617834394905 0.04312354312354312 0.12579617834394904
1 0.1655011655011655 0.3885350318471338 0.03496503496503497 0.022292993630573247
1 0.44463869463869465 0.6703821656050956 0.05944055944055944 0.1305732484076433
0 0.45046620046620045 0.8184713375796179 0.03613053613053613 0.04777070063694268
2 0.8688811188811189 0.660031847133758 0.022144522144522144 0.06528662420382166
1 0.7651515151515151 0.4124203821656051 0.026806526806526808 0.07961783439490445
