2 0.7826340326340326 0.08359872611464968 0.05944055944055944 0.052547770700636945
0 0.3735431235431235 0.8176751592356688 0.06177156177156177 0.052547770700636945
1 0.6410256410256411 0.7340764331210191 0.055944055944055944 0.050955414012738856
2 0.6060606060606061 0.4593949044585987 0.030303030303030304 0.09713375796178345
1 0.9399766899766899 0.5238853503184714 0.10839160839160839 0.18789808917197454
0 0.16724941724941725 0.21735668789808918 0.0641025641025641 0.0589171974522293
1 0.8245920745920746 0.535828025477707 0.06177156177156177 0.03980891719745223
0 0.25466200466200467 0.7420382165605095 0.06876456876456877 0.04777070063694268
1 0.46153846153846156 0.08837579617834394 0.09557109557109557 0.06210191082802548
2 0.30477855477855476 0.47054140127388533 0.08741258741258741 0.0589171974522293
