2 0.07867132867132867 0.6019108280254777 0.038461538461538464 0.08598726114649681
2 0.8875291375291375 0.6910828025477707 0.05944055944055944 0.044585987261146494
1 0.27797202797202797 0.9148089171974523 0.05710955710955711 0.04617834394904458
1 0.36072261072261075 0.23885350318471338 0.06177156177156177 0.041401273885350316
1 0.42773892773892774 0.6990445859872612 0.08158508158508158 0.06050955414012739
1 0.34440559440559443 0.7189490445859873 0.08275058275058275 0.07484076433121019
1 0.2057109557109557 0.3184713375796178 0.05944055944055944 0.1305732484076433
1 0.5996503496503497 0.9012738853503185 0.045454545454545456 0.1305732484076433
2 0.4551282051282051 0.6297770700636943 0.029137529137529136 0.07802547770700637
0 0.9603729603729604 0.570859872611465 0.03263403263403263 0.08121019108280254
