2 0.42948717948717946 0.7078025477707006 0.045454545454545456 0.042993630573248405
0 0.033216783216783216 0.8192675159235668 0.05944055944055944 0.04617834394904458
1 0.6515151515151515 0.8136942675159236 0.055944055944055944 0.050955414012738856
1 0.14393939393939395 0.8606687898089171 0.05944055944055944 0.03662420382165605
0 0.9026806526806527 0.5207006369426752 0.06876456876456877 0.054140127388535034
1 0.4026806526806527 0.10509554140127389 0.05244755244755245 0.14968152866242038
2 0.5705128205128205 0.8304140127388535 0.06177156177156177 0.052547770700636945
1 0.3210955710955711 0.4307324840764331 0.03146853146853147 0.08439490445859872
0 0.6742424242424242 0.33996815286624205 0.09906759906759907 0.09076433121019108
2 0.48776223776223776 0.3471337579617834 0.038461538461538464 0.08917197452229299
