2 0.10023310023310024 0.2611464968152866 0.06060606060606061 0.041401273885350316
2 0.035547785547785545 0.49601910828025475 0.03146853146853147 0.09713375796178345
1 0.4155011655011655 0.1464968152866242 0.045454545454545456 0.1305732484076433
1 0.049533799533799536 0.4124203821656051 0.0944055944055944 0.05732484076433121
0 0.7937062937062938 0.5605095541401274 0.053613053613053616 0.05732484076433121
1 0.7389277389277389 0.7412420382165605 0.07692307692307693 0.04617834394904458
1 0.2686480186480186 0.7651273885350318 0.017482517482517484 0.05573248407643312
1 0.3712121212121212 0.8996815286624203 0.0641025641025641 0.044585987261146494
2 0.6019813519813519 0.2428343949044586 0.0337995337995338 0.07165605095541401
2 0.42482517482517484 0.6886942675159236 0.03146853146853147 0.10031847133757962
