0 0.38519813519813517 0.2014331210191083 0.06177156177156177 0.11305732484076433
2 0.28438228438228436 0.25398089171974525 0.023310023310023312 0.06847133757961783
2 0.703962703962704 0.6138535031847133 0.10955710955710955 0.07802547770700637
1 0.9265734265734266 0.6457006369426752 0.04895104895104895 0.12579617834394904
2 0.263986013986014 0.36703821656050956 0.05244755244755245 0.03980891719745223
1 0.13986013986013987 0.2714968152866242 0.05827505827505827 0.03662420382165605
1 0.18822843822843824 0.4482484076433121 0.05944055944055944 0.03662420382165605
0 0.038461538461538464 0.3105095541401274 0.055944055944055944 0.050955414012738856
0 0.8519813519813519 0.1624203821656051 0.055944055944055944 0.050955414012738856
1 0.587995337995338 0.5143312101910829 0.06177156177156177 0.12101910828025478
