0 0.8397435897435898 0.17117834394904458 0.05710955710955711 0.04617834394904458
2 0.43356643356643354 0.24601910828025478 0.053613053613053616 0.03662420382165605
1 0.10372960372960373 0.5159235668789809 0.016317016317016316 0.050955414012738856
1 0.24125874125874125 0.3503184713375796 0.06993006993006994 0.06369426751592357
1 0.07284382284382285 0.49203821656050956 0.017482517482517484 0.054140127388535034
1 0.5955710955710956 0.5979299363057324 0.05827505827505827 0.052547770700636945
2 0.5973193473193473 0.7460191082802548 0.05710955710955711 0.03662420382165605
1 0.6824009324009324 0.11942675159235669 0.05944055944055944 0.1305732484076433
1 0.10023310023310024 0.10270700636942676 0.05128205128205128 0.11942675159235669
0 0.6386946386946387 0.9060509554140127 0.03496503496503497 0.07006369426751592
