1 0.4632867132867133 0.6409235668789809 0.07109557109557109 0.04617834394904458
1 0.31934731934731936 0.6998407643312102 0.027972027972027972 0.08121019108280254
2 0.3513986013986014 0.9140127388535032 0.029137529137529136 0.08280254777070063
1 0.6730769230769231 0.7539808917197452 0.045454545454545456 0.09076433121019108
1 0.31934731934731936 0.5262738853503185 0.027972027972027972 0.08121019108280254
1 0.3333333333333333 0.20063694267515925 0.14685314685314685 0.08917197452229299
1 0.7465034965034965 0.37022292993630573 0.054778554778554776 0.11305732484076433
1 0.9341491841491841 0.6210191082802548 0.029137529137529136 0.06369426751592357
2 0.7832167832167832 0.8113057324840764 0.030303030303030304 0.07165605095541401
1 0.9271561771561772 0.23646496815286625 0.05944055944055944 0.1321656050955414
