1 0.9376456876456877 0.3630573248407643 0.045454545454545456 0.11146496815286625
0 0.8595571095571095 0.804140127388535 0.024475524475524476 0.050955414012738856
0 0.28496503496503495 0.8845541401273885 0.09906759906759907 0.09076433121019108
1 0.8805361305361306 0.5063694267515924 0.017482517482517484 0.054140127388535034
1 0.5600233100233101 0.8980891719745223 0.09207459207459208 0.05732484076433121
0 0.2511655011655012 0.08121019108280254 0.038461538461538464 0.08598726114649681
2 0.8886946386946387 0.21337579617834396 0.038461538461538464 0.08280254777070063
1 0.4533799533799534 0.7953821656050956 0.037296037296037296 0.08121019108280254
1 0.3041958041958042 0.3503184713375796 0.039627039627039624 0.025477707006369428
1 0.4178321678321678 0.5581210191082803 0.0944055944055944 0.0589171974522293
