2 0.9300699300699301 0.14888535031847133 0.030303030303030304 0.07165605095541401
2 0.833916083916084 0.910031847133758 0.08275058275058275 0.07484076433121019
1 0.23135198135198135 0.3837579617834395 0.08974358974358974 0.08598726114649681
1 0.3479020979020979 0.3192675159235669 0.045454545454545456 0.11305732484076433
1 0.07167832167832168 0.2778662420382166 0.13403263403263405 0.09076433121019108
1 0.31643356643356646 0.7810509554140127 0.08275058275058275 0.07484076433121019
0 0.7092074592074592 0.9689490445859873 0.03146853146853147 0.06210191082802548
1 0.4155011655011655 0.06926751592356688 0.05710955710955711 0.052547770700636945
1 0.263986013986014 0.1552547770700637 0.05944055944055944 0.03980891719745223
2 0.4149184149184149 0.5740445859872612 0.02097902097902098 0.06528662420382166
