1 0.03205128205128205 0.6457006369426752 0.04079254079254079 0.12261146496815287
2 0.9545454545454546 0.052547770700636945 0.023310023310023312 0.06050955414012739
1 0.04603729603729604 0.07245222929936306 0.05944055944055944 0.1321656050955414
1 0.8129370629370629 0.36863057324840764 0.0337995337995338 0.08439490445859872
1 0.19172494172494173 0.7340764331210191 0.04079254079254079 0.025477707006369428
1 0.8653846153846154 0.2611464968152866 0.03146853146853147 0.07006369426751592
0 0.6946386946386947 0.8694267515923567 0.037296037296037296 0.08598726114649681
0 0.3811188811188811 0.7866242038216561 0.053613053613053616 0.041401273885350316
1 0.7226107226107226 0.5199044585987261 0.06293706293706294 0.03662420382165605
1 0.6713286713286714 0.37261146496815284 0.09090909090909091 0.05732484076433121
