2 0.26515151515151514 0.4912420382165605 0.054778554778554776 0.11305732484076433
2 0.06818181818181818 0.73328025477707 0.03146853146853147 0.07802547770700637
2 0.4965034965034965 0.32404458598726116 0.030303030303030304 0.07165605095541401
1 0.7243589743589743 0.3328025477707006 0.08041958041958042 0.06369426751592357
1 0.4935897435897436 0.5047770700636943 0.04079254079254079 0.025477707006369428
1 0.11013986013986014 0.38296178343949044 0.038461538461538464 0.02388535031847134
0 0.8875291375291375 0.697452229299363 0.04079254079254079 0.08917197452229299
1 0.5454545454545454 0.5756369426751592 0.05827505827505827 0.052547770700636945
0 0.10314685314685315 0.5047770700636943 0.06177156177156177 0.054140127388535034
1 0.7872960372960373 0.17436305732484075 0.05944055944055944 0.03662420382165605
