1 0.4230769230769231 0.8471337579617835 0.027972027972027972 0.07961783439490445
1 0.9452214452214452 0.9506369426751592 0.030303030303030304 0.07006369426751592
1 0.7616550116550117 0.13296178343949044 0.13636363636363635 0.0875796178343949
1 0.21794871794871795 0.5469745222929936 0.04428904428904429 0.12579617834394904
2 0.9516317016317016 0.6122611464968153 0.054778554778554776 0.11305732484076433
1 0.7488344988344988 0.046974522292993634 0.09673659673659674 0.08121019108280254
1 0.668997668997669 0.8901273885350318 0.039627039627039624 0.025477707006369428
1 0.5524475524475524 0.32643312101910826 0.09324009324009325 0.05732484076433121
1 0.6107226107226107 0.8527070063694268 0.06993006993006994 0.05573248407643312
1 0.527972027972028 0.6918789808917197 0.039627039627039624 0.027070063694267517
