2 0.11771561771561771 0.6934713375796179 0.053613053613053616 0.042993630573248405
2 0.6509324009324009 0.07245222929936306 0.06177156177156177 0.052547770700636945
0 0.6182983682983683 0.48089171974522293 0.038461538461538464 0.08598726114649681
1 0.6235431235431236 0.1393312101910828 0.05827505827505827 0.052547770700636945
1 0.5221445221445221 0.8654458598726115 0.08624708624708624 0.0589171974522293
1 0.46678321678321677 0.26831210191082805 0.09673659673659674 0.08121019108280254
2 0.8391608391608392 0.38057324840764334 0.07692307692307693 0.05732484076433121
1 0.8694638694638694 0.17834394904458598 0.016317016317016316 0.050955414012738856
1 0.08857808857808858 0.8065286624203821 0.030303030303030304 0.07165605095541401
0 0.708041958041958 0.5628980891719745 0.045454545454545456 0.03980891719745223
