1 0.4172494172494173 0.14570063694267515 0.046620046620046623 0.11305732484076433
0 0.460955710955711 0.7460191082802548 0.06643356643356643 0.06528662420382166
1 0.22319347319347319 0.5207006369426752 0.03613053613053613 0.022292993630573247
1 0.458041958041958 0.6711783439490446 0.08158508158508158 0.06210191082802548
1 0.2674825174825175 0.24920382165605096 0.08275058275058275 0.07484076433121019
1 0.675990675990676 0.25079617834394907 0.055944055944055944 0.03662420382165605
2 0.6247086247086248 0.6281847133757962 0.027972027972027972 0.06847133757961783
1 0.5961538461538461 0.5079617834394905 0.0641025641025641 0.03821656050955414
1 0.3076923076923077 0.4609872611464968 0.08158508158508158 0.06210191082802548
1 0.06468531468531469 0.35668789808917195 0.05710955710955711 0.03503184713375796
