0 0.11305361305361306 0.03343949044585987 0.03496503496503497 0.054140127388535034
2 0.05652680652680653 0.8598726114649682 0.03146853146853147 0.07961783439490445
2 0.8566433566433567 0.18869426751592358 0.04895104895104895 0.10668789808917198
1 0.06585081585081586 0.32802547770700635 0.04079254079254079 0.025477707006369428
2 0.2907925407925408 0.19028662420382167 0.0337995337995338 0.07802547770700637
0 0.6981351981351981 0.10748407643312102 0.0675990675990676 0.04936305732484077
1 0.3356643356643357 0.5613057324840764 0.08158508158508158 0.05573248407643312
0 0.11596736596736597 0.12898089171974522 0.05244755244755245 0.041401273885350316
0 0.460955710955711 0.9219745222929936 0.14102564102564102 0.1337579617834395
1 0.14219114219114218 0.6807324840764332 0.03263403263403263 0.09076433121019108
