1 0.574009324009324 0.7507961783439491 0.08508158508158509 0.0589171974522293
0 0.8566433566433567 0.10191082802547771 0.023310023310023312 0.050955414012738856
1 0.7680652680652681 0.3328025477707006 0.030303030303030304 0.07006369426751592
1 0.5576923076923077 0.1735668789808917 0.1317016317016317 0.09554140127388536
1 0.12412587412587413 0.8813694267515924 0.09673659673659674 0.08121019108280254
0 0.7686480186480187 0.697452229299363 0.06876456876456877 0.08280254777070063
1 0.2878787878787879 0.14968152866242038 0.08158508158508158 0.06050955414012739
1 0.2674825174825175 0.6162420382165605 0.05944055944055944 0.1305732484076433
2 0.10547785547785547 0.5804140127388535 0.054778554778554776 0.11305732484076433
0 0.43997668997669 0.0875796178343949 0.04312354312354312 0.03184713375796178
