2 0.08216783216783216 0.5931528662420382 0.05944055944055944 0.03980891719745223
1 0.19522144522144522 0.08359872611464968 0.10139860139860139 0.0875796178343949
0 0.14160839160839161 0.4323248407643312 0.047785547785547784 0.09713375796178345
1 0.7709790209790209 0.6058917197452229 0.05710955710955711 0.03662420382165605
2 0.2406759906759907 0.1998407643312102 0.03613053613053613 0.09076433121019108
0 0.8583916083916084 0.697452229299363 0.038461538461538464 0.07643312101910828
2 0.3111888111888112 0.17117834394904458 0.05128205128205128 0.03343949044585987
1 0.6002331002331003 0.5963375796178344 0.06993006993006994 0.1767515923566879
0 0.45454545454545453 0.49363057324840764 0.06526806526806526 0.06050955414012739
0 0.30594405594405594 0.7603503184713376 0.03613053613053613 0.07484076433121019
