1 0.6258741258741258 0.39171974522292996 0.023310023310023312 0.022292993630573247
1 0.8793706293706294 0.9243630573248408 0.0337995337995338 0.08121019108280254
1 0.5355477855477856 0.18710191082802546 0.1386946386946387 0.09713375796178345
0 0.6247086247086248 0.7133757961783439 0.09324009324009325 0.07961783439490445
0 0.05652680652680653 0.677547770700637 0.03146853146853147 0.042993630573248405
0 0.9341491841491841 0.7603503184713376 0.05944055944055944 0.042993630573248405
1 0.15268065268065267 0.1337579617834395 0.06993006993006994 0.1337579617834395
1 0.3006993006993007 0.2770700636942675 0.03496503496503497 0.10191082802547771
1 0.6019813519813519 0.45621019108280253 0.09673659673659674 0.08121019108280254
1 0.3717948717948718 0.6257961783439491 0.03263403263403263 0.08598726114649681
