2 0.5209790209790209 0.4785031847133758 0.027972027972027972 0.06847133757961783
1 0.08333333333333333 0.1735668789808917 0.024475524475524476 0.07006369426751592
1 0.9131701631701632 0.4593949044585987 0.04079254079254079 0.02388535031847134
2 0.16025641025641027 0.6480891719745223 0.038461538461538464 0.08280254777070063
2 0.28205128205128205 0.8869426751592356 0.06060606060606061 0.03821656050955414
0 0.7132867132867133 0.4012738853503185 0.037296037296037296 0.03184713375796178
1 0.2931235431235431 0.2197452229299363 0.045454545454545456 0.1305732484076433
1 0.9248251748251748 0.27388535031847133 0.03146853146853147 0.08280254777070063
2 0.1585081585081585 0.40445859872611467 0.02097902097902098 0.06050955414012739
2 0.31934731934731936 0.7539808917197452 0.05827505827505827 0.03662420382165605
