1 0.7768065268065268 0.11226114649681529 0.029137529137529136 0.07802547770700637
1 0.9656177156177156 0.571656050955414 0.019813519813519812 0.05732484076433121
0 0.263986013986014 0.6345541401273885 0.05710955710955711 0.12261146496815287
2 0.2698135198135198 0.26512738853503187 0.03146853146853147 0.07802547770700637
1 0.47435897435897434 0.6982484076433121 0.05827505827505827 0.03343949044585987
1 0.4696969696969697 0.8009554140127388 0.037296037296037296 0.10191082802547771
2 0.9411421911421911 0.3343949044585987 0.06177156177156177 0.050955414012738856
1 0.3479020979020979 0.25 0.038461538461538464 0.07643312101910828
0 0.023892773892773892 0.49203821656050956 0.0337995337995338 0.0732484076433121
0 0.8758741258741258 0.3248407643312102 0.038461538461538464 0.07643312101910828
