1 0.967948717948718 0.45143312101910826 0.05944055944055944 0.03980891719745223
1 0.2896270396270396 0.3718152866242038 0.08741258741258741 0.06210191082802548
1 0.7033799533799534 0.6202229299363057 0.09906759906759907 0.0589171974522293
1 0.7651515151515151 0.9530254777070064 0.054778554778554776 0.03343949044585987
0 0.20745920745920746 0.4729299363057325 0.03496503496503497 0.07006369426751592
1 0.47785547785547783 0.5453821656050956 0.018648018648018648 0.05573248407643312
1 0.8513986013986014 0.6011146496815286 0.054778554778554776 0.11305732484076433
2 0.5209790209790209 0.8113057324840764 0.030303030303030304 0.07165605095541401
1 0.27505827505827507 0.6536624203821656 0.07226107226107226 0.06528662420382166
1 0.696969696969697 0.5334394904458599 0.04428904428904429 0.11464968152866242
