2 0.2564102564102564 0.025477707006369428 0.06526806526806526 0.04777070063694268
0 0.26282051282051283 0.6313694267515924 0.06177156177156177 0.052547770700636945
1 0.9114219114219114 0.6871019108280255 0.039627039627039624 0.02388535031847134
0 0.905011655011655 0.29856687898089174 0.03146853146853147 0.06210191082802548
0 0.8589743589743589 0.5995222929936306 0.04428904428904429 0.08121019108280254
2 0.6276223776223776 0.75 0.04312354312354312 0.08598726114649681
2 0.06643356643356643 0.7165605095541401 0.018648018648018648 0.054140127388535034
2 0.2948717948717949 0.4036624203821656 0.037296037296037296 0.08439490445859872
1 0.6404428904428905 0.41003184713375795 0.054778554778554776 0.08121019108280254
1 0.5710955710955711 0.6242038216560509 0.04895104895104895 0.10509554140127389
