0 0.40792540792540793 0.392515923566879 0.04195804195804196 0.0875796178343949
0 0.884032634032634 0.5453821656050956 0.06876456876456877 0.05573248407643312
1 0.4766899766899767 0.6472929936305732 0.09557109557109557 0.06210191082802548
2 0.668997668997669 0.677547770700637 0.02097902097902098 0.06528662420382166
1 0.6095571095571095 0.41003184713375795 0.0675990675990676 0.06210191082802548
0 0.9761072261072261 0.8367834394904459 0.038461538461538464 0.08439490445859872
2 0.7983682983682984 0.9378980891719745 0.039627039627039624 0.10191082802547771
1 0.4819347319347319 0.3861464968152866 0.017482517482517484 0.052547770700636945
1 0.9458041958041958 0.9705414012738853 0.08974358974358974 0.0589171974522293
0 0.09615384615384616 0.09713375796178345 0.07109557109557109 0.06687898089171974
