1 0.791958041958042 0.5485668789808917 0.05944055944055944 0.1321656050955414
1 0.8234265734265734 0.14570063694267515 0.029137529137529136 0.08439490445859872
0 0.7237762237762237 0.03105095541401274 0.053613053613053616 0.04936305732484077
0 0.4574592074592075 0.5859872611464968 0.038461538461538464 0.08598726114649681
2 0.16958041958041958 0.25636942675159236 0.06876456876456877 0.044585987261146494
1 0.6800699300699301 0.30254777070063693 0.05944055944055944 0.03503184713375796
1 0.824009324009324 0.0589171974522293 0.023310023310023312 0.050955414012738856
1 0.24708624708624707 0.41321656050955413 0.04428904428904429 0.12579617834394904
2 0.8962703962703963 0.8288216560509554 0.030303030303030304 0.07165605095541401
2 0.6095571095571095 0.7810509554140127 0.023310023310023312 0.05573248407643312
