1 0.7027972027972028 0.9307324840764332 0.04195804195804196 0.12579617834394904
1 0.7377622377622378 0.9546178343949044 0.027972027972027972 0.04936305732484077
0 0.4085081585081585 0.3192675159235669 0.054778554778554776 0.11305732484076433
1 0.8228438228438228 0.10668789808917198 0.055944055944055944 0.050955414012738856
2 0.07284382284382285 0.7691082802547771 0.026806526806526808 0.08280254777070063
0 0.6113053613053613 0.6886942675159236 0.03146853146853147 0.06210191082802548
0 0.6386946386946387 0.22054140127388536 0.053613053613053616 0.06847133757961783
0 0.27505827505827507 0.6027070063694268 0.030303030303030304 0.06528662420382166
1 0.5163170163170163 0.13535031847133758 0.06293706293706294 0.041401273885350316
1 0.7855477855477856 0.8789808917197452 0.08857808857808858 0.07006369426751592
