0 0.20221445221445222 0.5294585987261147 0.054778554778554776 0.08121019108280254
2 0.7884615384615384 0.45621019108280253 0.05011655011655012 0.03343949044585987
1 0.5623543123543123 0.8972929936305732 0.0944055944055944 0.18630573248407642
2 0.9090909090909091 0.37022292993630573 0.030303030303030304 0.07165605095541401
0 0.946969696969697 0.9044585987261147 0.07575757575757576 0.054140127388535034
1 0.8397435897435898 0.05493630573248408 0.015151515151515152 0.02388535031847134
0 0.1182983682983683 0.3176751592356688 0.054778554778554776 0.042993630573248405
1 0.7832167832167832 0.16003184713375795 0.06993006993006994 0.1767515923566879
1 0.6357808857808858 0.03662420382165605 0.05944055944055944 0.03821656050955414
1 0.3525641025641026 0.7937898089171974 0.09207459207459208 0.06528662420382166
