0 0.9184149184149184 0.4968152866242038 0.053613053613053616 0.04777070063694268
2 0.23834498834498835 0.09474522292993631 0.0337995337995338 0.07802547770700637
2 0.6783216783216783 0.9625796178343949 0.02097902097902098 0.05573248407643312
1 0.9038461538461539 0.0963375796178344 0.04079254079254079 0.02388535031847134
1 0.9102564102564102 0.2070063694267516 0.037296037296037296 0.022292993630573247
2 0.877039627039627 0.9442675159235668 0.019813519813519812 0.050955414012738856
1 0.30361305361305363 0.9124203821656051 0.0641025641025641 0.041401273885350316
2 0.9300699300699301 0.7571656050955414 0.030303030303030304 0.07165605095541401
2 0.8420745920745921 0.27070063694267515 0.03146853146853147 0.06369426751592357
1 0.6643356643356644 0.12738853503184713 0.1445221445221445 0.09872611464968153
