1 0.6386946386946387 0.07085987261146497 0.08158508158508158 0.06210191082802548
1 0.5268065268065268 0.2300955414012739 0.08624708624708624 0.21178343949044587
0 0.14219114219114218 0.44187898089171973 0.06993006993006994 0.06210191082802548
1 0.04428904428904429 0.4355095541401274 0.03496503496503497 0.02388535031847134
1 0.6282051282051282 0.6401273885350318 0.037296037296037296 0.03184713375796178
1 0.43065268065268064 0.31210191082802546 0.05244755244755245 0.13694267515923567
0 0.44114219114219116 0.4713375796178344 0.06876456876456877 0.054140127388535034
1 0.8980186480186481 0.3049363057324841 0.05944055944055944 0.1321656050955414
1 0.6282051282051282 0.4012738853503185 0.030303030303030304 0.07643312101910828
1 0.7342657342657343 0.9235668789808917 0.027972027972027972 0.08598726114649681
