2 0.26282051282051283 0.1767515923566879 0.05944055944055944 0.041401273885350316
1 0.8764568764568764 0.2197452229299363 0.039627039627039624 0.03821656050955414
0 0.6952214452214452 0.7611464968152867 0.07109557109557109 0.05732484076433121
1 0.28846153846153844 0.2619426751592357 0.0944055944055944 0.0875796178343949
2 0.4224941724941725 0.214171974522293 0.029137529137529136 0.07802547770700637
1 0.15384615384615385 0.6990445859872612 0.08857808857808858 0.05732484076433121
0 0.3776223776223776 0.8654458598726115 0.02564102564102564 0.0589171974522293
0 0.15268065268065267 0.5398089171974523 0.037296037296037296 0.08598726114649681
0 0.5751748251748252 0.9697452229299363 0.05011655011655012 0.03821656050955414
1 0.412004662004662 0.12579617834394904 0.08741258741258741 0.07006369426751592
