1 0.3368298368298368 0.5676751592356688 0.03263403263403263 0.07802547770700637
1 0.8106060606060606 0.2635350318471338 0.09673659673659674 0.05573248407643312
1 0.8321678321678322 0.35270700636942676 0.05128205128205128 0.0875796178343949
0 0.2534965034965035 0.714968152866242 0.07109557109557109 0.05732484076433121
0 0.2803030303030303 0.15445859872611464 0.038461538461538464 0.08598726114649681
1 0.8916083916083916 0.7571656050955414 0.030303030303030304 0.042993630573248405
1 0.35955710955710957 0.4323248407643312 0.05944055944055944 0.03980891719745223
1 0.05011655011655012 0.33121019108280253 0.055944055944055944 0.08917197452229299
0 0.6118881118881119 0.8439490445859873 0.11655011655011654 0.10828025477707007
1 0.8269230769230769 0.9164012738853503 0.05944055944055944 0.1321656050955414
