1 0.243006993006993 0.7866242038216561 0.017482517482517484 0.050955414012738856
1 0.13752913752913754 0.535828025477707 0.11421911421911422 0.06847133757961783
2 0.925990675990676 0.08121019108280254 0.038461538461538464 0.08280254777070063
1 0.9411421911421911 0.6289808917197452 0.05710955710955711 0.03821656050955414
2 0.5046620046620046 0.9235668789808917 0.030303030303030304 0.07961783439490445
1 0.32867132867132864 0.43710191082802546 0.07226107226107226 0.13535031847133758
2 0.8292540792540792 0.8455414012738853 0.03146853146853147 0.07643312101910828
2 0.587995337995338 0.7874203821656051 0.03146853146853147 0.07484076433121019
1 0.9137529137529138 0.46178343949044587 0.08158508158508158 0.06050955414012739
2 0.9644522144522144 0.29777070063694266 0.029137529137529136 0.0732484076433121
