1 0.615967365967366 0.3837579617834395 0.03613053613053613 0.04777070063694268
1 0.6404428904428905 0.07484076433121019 0.03146853146853147 0.08917197452229299
0 0.5775058275058275 0.8853503184713376 0.06876456876456877 0.054140127388535034
1 0.6783216783216783 0.7022292993630573 0.03263403263403263 0.06687898089171974
1 0.5897435897435898 0.6194267515923567 0.030303030303030304 0.07643312101910828
2 0.5163170163170163 0.37420382165605093 0.055944055944055944 0.03184713375796178
1 0.6165501165501166 0.5501592356687898 0.018648018648018648 0.05573248407643312
1 0.4737762237762238 0.8821656050955414 0.0641025641025641 0.041401273885350316
2 0.2948717948717949 0.12181528662420382 0.06293706293706294 0.052547770700636945
2 0.8752913752913752 0.4307324840764331 0.08158508158508158 0.052547770700636945
