1 0.38519813519813517 0.39410828025477707 0.05944055944055944 0.1321656050955414
1 0.1445221445221445 0.4028662420382166 0.02097902097902098 0.06050955414012739
2 0.7231934731934732 0.47770700636942676 0.019813519813519812 0.050955414012738856
1 0.9428904428904429 0.25955414012738853 0.08158508158508158 0.06050955414012739
1 0.803030303030303 0.6831210191082803 0.05827505827505827 0.03503184713375796
1 0.6153846153846154 0.13136942675159236 0.13986013986013987 0.09394904458598727
1 0.08624708624708624 0.09156050955414012 0.05827505827505827 0.03343949044585987
1 0.3129370629370629 0.09235668789808917 0.022144522144522144 0.07006369426751592
1 0.1789044289044289 0.4984076433121019 0.06876456876456877 0.044585987261146494
1 0.4836829836829837 0.7547770700636943 0.04428904428904429 0.11464968152866242
