1 0.6124708624708625 0.731687898089172 0.05944055944055944 0.1321656050955414
1 0.7925407925407926 0.11146496815286625 0.07925407925407925 0.15286624203821655
1 0.4388111888111888 0.4968152866242038 0.0780885780885781 0.06687898089171974
2 0.25990675990675993 0.46178343949044587 0.055944055944055944 0.03821656050955414
1 0.09965034965034965 0.4729299363057325 0.05944055944055944 0.1305732484076433
1 0.8706293706293706 0.20939490445859874 0.037296037296037296 0.10987261146496816
0 0.05652680652680653 0.7961783439490446 0.10139860139860139 0.08280254777070063
1 0.6701631701631702 0.7754777070063694 0.03496503496503497 0.054140127388535034
1 0.5821678321678322 0.606687898089172 0.0944055944055944 0.05732484076433121
0 0.5425407925407926 0.9593949044585988 0.06177156177156177 0.052547770700636945
