0 0.7400932400932401 0.48487261146496813 0.06293706293706294 0.052547770700636945
1 0.412004662004662 0.40445859872611467 0.05944055944055944 0.1305732484076433
1 0.25815850815850816 0.7937898089171974 0.05710955710955711 0.12579617834394904
2 0.7103729603729604 0.8176751592356688 0.015151515151515152 0.03980891719745223
1 0.22319347319347319 0.6576433121019108 0.017482517482517484 0.054140127388535034
0 0.5565268065268065 0.7890127388535032 0.054778554778554776 0.11305732484076433
1 0.8665501165501166 0.7953821656050956 0.047785547785547784 0.1321656050955414
2 0.6614219114219114 0.31130573248407645 0.03146853146853147 0.10031847133757962
0 0.6515151515151515 0.6616242038216561 0.027972027972027972 0.06847133757961783
2 0.668997668997669 0.5851910828025477 0.02564102564102564 0.06847133757961783
