0 0.5914918414918415 0.7730891719745223 0.08741258741258741 0.0875796178343949
1 0.1858974358974359 0.15047770700636942 0.015151515151515152 0.02388535031847134
2 0.6730769230769231 0.285828025477707 0.06876456876456877 0.042993630573248405
1 0.4015151515151515 0.6321656050955414 0.08741258741258741 0.07006369426751592
0 0.9405594405594405 0.9506369426751592 0.055944055944055944 0.07006369426751592
1 0.12878787878787878 0.731687898089172 0.08275058275058275 0.07484076433121019
2 0.24708624708624707 0.9530254777070064 0.018648018648018648 0.052547770700636945
0 0.04020979020979021 0.8678343949044586 0.0641025641025641 0.05732484076433121
2 0.5693473193473193 0.21815286624203822 0.07575757575757576 0.0732484076433121
1 0.2907925407925408 0.024681528662420384 0.017482517482517484 0.04936305732484077
