2 0.5145687645687645 0.6584394904458599 0.03146853146853147 0.07484076433121019
1 0.9032634032634033 0.26671974522292996 0.04195804195804196 0.12579617834394904
0 0.7814685314685315 0.2571656050955414 0.038461538461538464 0.08439490445859872
1 0.6993006993006993 0.6839171974522293 0.09557109557109557 0.08121019108280254
1 0.44347319347319347 0.89171974522293 0.05944055944055944 0.1305732484076433
2 0.1794871794871795 0.5644904458598726 0.023310023310023312 0.05573248407643312
1 0.877039627039627 0.6552547770700637 0.05944055944055944 0.1321656050955414
1 0.14277389277389277 0.7022292993630573 0.05944055944055944 0.03503184713375796
2 0.42365967365967366 0.4307324840764331 0.05710955710955711 0.04617834394904458
1 0.6194638694638694 0.6011146496815286 0.054778554778554776 0.11305732484076433
