1 0.12062937062937062 0.7476114649681529 0.1386946386946387 0.09713375796178345
0 0.026806526806526808 0.6560509554140127 0.027972027972027972 0.07961783439490445
1 0.40093240093240096 0.8264331210191083 0.06293706293706294 0.04777070063694268
1 0.21037296037296038 0.125 0.03613053613053613 0.02388535031847134
1 0.622960372960373 0.6345541401273885 0.05944055944055944 0.1321656050955414
0 0.6730769230769231 0.37977707006369427 0.054778554778554776 0.11305732484076433
2 0.7814685314685315 0.695859872611465 0.05244755244755245 0.041401273885350316
2 0.16142191142191142 0.8646496815286624 0.0780885780885781 0.050955414012738856
2 0.6678321678321678 0.7412420382165605 0.027972027972027972 0.07484076433121019
1 0.8432400932400932 0.9578025477707006 0.08275058275058275 0.07484076433121019
