2 0.04428904428904429 0.517515923566879 0.027972027972027972 0.07643312101910828
1 0.791958041958042 0.7882165605095541 0.017482517482517484 0.050955414012738856
0 0.6503496503496503 0.5684713375796179 0.0675990675990676 0.04777070063694268
1 0.1987179487179487 0.6297770700636943 0.015151515151515152 0.02388535031847134
2 0.2867132867132867 0.9792993630573248 0.06060606060606061 0.041401273885350316
1 0.7983682983682984 0.34156050955414013 0.027972027972027972 0.07802547770700637
1 0.9020979020979021 0.8089171974522293 0.03496503496503497 0.022292993630573247
1 0.7680652680652681 0.6472929936305732 0.018648018648018648 0.052547770700636945
1 0.2062937062937063 0.8272292993630573 0.07925407925407925 0.15127388535031847
1 0.5728438228438228 0.5613057324840764 0.05944055944055944 0.1321656050955414
