1 0.40442890442890445 0.8001592356687898 0.04428904428904429 0.12261146496815287
1 0.15326340326340326 0.6863057324840764 0.0780885780885781 0.1337579617834395
2 0.664918414918415 0.9490445859872612 0.05944055944055944 0.054140127388535034
1 0.09324009324009325 0.2619426751592357 0.09557109557109557 0.06210191082802548
1 0.19813519813519814 0.5055732484076433 0.027972027972027972 0.0589171974522293
2 0.08508158508158509 0.38455414012738853 0.04895104895104895 0.03343949044585987
0 0.3041958041958042 0.14251592356687898 0.07925407925407925 0.06210191082802548
2 0.6958041958041958 0.3869426751592357 0.06293706293706294 0.050955414012738856
1 0.3747086247086247 0.33996815286624205 0.09906759906759907 0.1035031847133758
1 0.28088578088578087 0.9195859872611465 0.053613053613053616 0.07802547770700637
