1 0.6171328671328671 0.8550955414012739 0.09673659673659674 0.09554140127388536
1 0.7581585081585082 0.09156050955414012 0.03146853146853147 0.06210191082802548
1 0.10023310023310024 0.9745222929936306 0.04895104895104895 0.044585987261146494
1 0.024475524475524476 0.7070063694267515 0.037296037296037296 0.04777070063694268
0 0.054778554778554776 0.20780254777070065 0.04195804195804196 0.03980891719745223
1 0.6491841491841492 0.26831210191082805 0.09557109557109557 0.06210191082802548
1 0.8036130536130536 0.5366242038216561 0.0944055944055944 0.06050955414012739
1 0.3712121212121212 0.51671974522293 0.09673659673659674 0.08121019108280254
1 0.14393939393939395 0.5127388535031847 0.017482517482517484 0.054140127388535034
1 0.9341491841491841 0.6289808917197452 0.04312354312354312 0.028662420382165606
