1 0.541958041958042 0.9418789808917197 0.039627039627039624 0.09394904458598727
2 0.7226107226107226 0.625 0.030303030303030304 0.07165605095541401
2 0.865967365967366 0.35270700636942676 0.027972027972027972 0.06847133757961783
1 0.10314685314685315 0.6767515923566879 0.09207459207459208 0.05732484076433121
1 0.48543123543123545 0.8081210191082803 0.06876456876456877 0.06210191082802548
1 0.20221445221445222 0.5732484076433121 0.04079254079254079 0.07961783439490445
1 0.20046620046620048 0.07404458598726114 0.06993006993006994 0.042993630573248405
1 0.42832167832167833 0.2587579617834395 0.05944055944055944 0.1321656050955414
1 0.7628205128205128 0.2730891719745223 0.054778554778554776 0.09394904458598727
1 0.3817016317016317 0.6265923566878981 0.05944055944055944 0.1321656050955414
