1 0.7902097902097902 0.8160828025477707 0.02097902097902098 0.06210191082802548
1 0.5885780885780886 0.49920382165605093 0.05827505827505827 0.07484076433121019
0 0.33974358974358976 0.4410828025477707 0.0641025641025641 0.06369426751592357
1 0.745920745920746 0.3001592356687898 0.07692307692307693 0.04617834394904458
1 0.5844988344988346 0.2961783439490446 0.03146853146853147 0.07006369426751592
1 0.7937062937062938 0.10589171974522293 0.1351981351981352 0.0875796178343949
1 0.6107226107226107 0.07165605095541401 0.055944055944055944 0.050955414012738856
1 0.44755244755244755 0.2340764331210191 0.1048951048951049 0.18471337579617833
2 0.5798368298368298 0.7882165605095541 0.029137529137529136 0.07006369426751592
2 0.6579254079254079 0.8614649681528662 0.0337995337995338 0.07643312101910828
