1 0.412004662004662 0.20222929936305734 0.0780885780885781 0.06687898089171974
2 0.5483682983682984 0.6464968152866242 0.038461538461538464 0.08598726114649681
1 0.960955710955711 0.11942675159235669 0.019813519813519812 0.05732484076433121
2 0.34324009324009325 0.820859872611465 0.03146853146853147 0.07484076433121019
1 0.5926573426573427 0.910031847133758 0.1317016317016317 0.09076433121019108
0 0.41375291375291373 0.5111464968152867 0.03496503496503497 0.0732484076433121
2 0.8088578088578089 0.9219745222929936 0.02564102564102564 0.07006369426751592
2 0.8543123543123543 0.6464968152866242 0.07692307692307693 0.050955414012738856
2 0.06351981351981352 0.1823248407643312 0.05944055944055944 0.04617834394904458
1 0.9586247086247086 0.5628980891719745 0.05944055944055944 0.1321656050955414
