2 0.05827505827505827 0.5772292993630573 0.039627039627039624 0.08121019108280254
1 0.8059440559440559 0.12340764331210191 0.0641025641025641 0.0589171974522293
1 0.28554778554778554 0.2587579617834395 0.07226107226107226 0.13535031847133758
1 0.3968531468531469 0.8718152866242038 0.08275058275058275 0.07484076433121019
1 0.14976689976689977 0.9195859872611465 0.05944055944055944 0.1321656050955414
1 0.8263403263403264 0.7364649681528662 0.0675990675990676 0.13535031847133758
0 0.44463869463869465 0.4211783439490446 0.0337995337995338 0.08121019108280254
1 0.736013986013986 0.42595541401273884 0.054778554778554776 0.11305732484076433
1 0.6008158508158508 0.3447452229299363 0.05944055944055944 0.08121019108280254
2 0.5384615384615384 0.304140127388535 0.030303030303030304 0.07961783439490445
