2 0.6596736596736597 0.357484076433121 0.030303030303030304 0.07165605095541401
1 0.35955710955710957 0.7157643312101911 0.029137529137529136 0.08121019108280254
0 0.6019813519813519 0.3001592356687898 0.054778554778554776 0.11305732484076433
2 0.08974358974358974 0.8367834394904459 0.09557109557109557 0.06210191082802548
0 0.44988344988344986 0.2054140127388535 0.037296037296037296 0.08598726114649681
0 0.8712121212121212 0.8718152866242038 0.11538461538461539 0.10668789808917198
0 0.668997668997669 0.5159235668789809 0.06993006993006994 0.12738853503184713
0 0.4423076923076923 0.553343949044586 0.05244755244755245 0.03980891719745223
2 0.7086247086247086 0.09792993630573249 0.030303030303030304 0.07165605095541401
1 0.9038461538461539 0.5995222929936306 0.054778554778554776 0.11305732484076433
