2 0.9318181818181818 0.10907643312101911 0.05944055944055944 0.04617834394904458
1 0.43123543123543123 0.09792993630573249 0.08158508158508158 0.06210191082802548
1 0.08333333333333333 0.429140127388535 0.05944055944055944 0.1321656050955414
2 0.9341491841491841 0.910828025477707 0.038461538461538464 0.08280254777070063
0 0.07400932400932402 0.6839171974522293 0.0337995337995338 0.07165605095541401
2 0.05011655011655012 0.2300955414012739 0.027972027972027972 0.06847133757961783
1 0.7721445221445221 0.803343949044586 0.05944055944055944 0.1321656050955414
2 0.23368298368298368 0.24363057324840764 0.07342657342657342 0.050955414012738856
2 0.701048951048951 0.18710191082802546 0.05944055944055944 0.052547770700636945
1 0.16724941724941725 0.946656050955414 0.08275058275058275 0.07484076433121019
