2 0.8921911421911422 0.2571656050955414 0.10606060606060606 0.07165605095541401
0 0.2727272727272727 0.5644904458598726 0.039627039627039624 0.027070063694267517
1 0.8811188811188811 0.7054140127388535 0.039627039627039624 0.022292993630573247
1 0.37004662004662003 0.8606687898089171 0.054778554778554776 0.11942675159235669
1 0.24125874125874125 0.8240445859872612 0.08158508158508158 0.06210191082802548
2 0.6905594405594405 0.8980891719745223 0.07575757575757576 0.0732484076433121
1 0.6223776223776224 0.2802547770700637 0.14219114219114218 0.11464968152866242
1 0.5052447552447552 0.625 0.04079254079254079 0.02388535031847134
2 0.9166666666666666 0.6321656050955414 0.0337995337995338 0.07643312101910828
1 0.07517482517482517 0.607484076433121 0.06876456876456877 0.05573248407643312
