0 0.2907925407925408 0.8383757961783439 0.03146853146853147 0.06210191082802548
0 0.8129370629370629 0.35270700636942676 0.04079254079254079 0.0875796178343949
2 0.6264568764568764 0.06289808917197452 0.029137529137529136 0.07802547770700637
2 0.22377622377622378 0.6671974522292994 0.03263403263403263 0.06687898089171974
2 0.777972027972028 0.5621019108280255 0.038461538461538464 0.08280254777070063
1 0.32284382284382285 0.2627388535031847 0.08158508158508158 0.06050955414012739
1 0.09207459207459208 0.9004777070063694 0.09090909090909091 0.18312101910828024
1 0.42132867132867136 0.1664012738853503 0.03146853146853147 0.042993630573248405
2 0.16083916083916083 0.4856687898089172 0.018648018648018648 0.050955414012738856
1 0.40734265734265734 0.5636942675159236 0.024475524475524476 0.054140127388535034
