1 0.5652680652680653 0.17197452229299362 0.0675990675990676 0.05732484076433121
1 0.14102564102564102 0.7651273885350318 0.02564102564102564 0.08121019108280254
2 0.9265734265734266 0.7985668789808917 0.04895104895104895 0.1321656050955414
1 0.9353146853146853 0.6226114649681529 0.05944055944055944 0.054140127388535034
2 0.6456876456876457 0.731687898089172 0.037296037296037296 0.02388535031847134
2 0.8991841491841492 0.07563694267515923 0.054778554778554776 0.11305732484076433
2 0.7750582750582751 0.5023885350318471 0.030303030303030304 0.07165605095541401
1 0.6019813519813519 0.46178343949044587 0.03146853146853147 0.08280254777070063
1 0.5588578088578089 0.8988853503184714 0.038461538461538464 0.02388535031847134
1 0.5396270396270396 0.5621019108280255 0.09090909090909091 0.05732484076433121
