1 0.6369463869463869 0.4426751592356688 0.029137529137529136 0.07961783439490445
2 0.5128205128205128 0.7030254777070064 0.06060606060606061 0.052547770700636945
2 0.8304195804195804 0.8272292993630573 0.054778554778554776 0.11305732484076433
1 0.7214452214452215 0.9179936305732485 0.04428904428904429 0.10987261146496816
1 0.9143356643356644 0.1695859872611465 0.08275058275058275 0.07484076433121019
2 0.6835664335664335 0.03821656050955414 0.029137529137529136 0.0732484076433121
1 0.04895104895104895 0.07722929936305732 0.027972027972027972 0.08439490445859872
2 0.6462703962703963 0.7770700636942676 0.038461538461538464 0.08598726114649681
2 0.9831002331002331 0.8168789808917197 0.026806526806526808 0.09235668789808917
1 0.33974358974358976 0.660031847133758 0.024475524475524476 0.0589171974522293
