1 0.4254079254079254 0.6281847133757962 0.039627039627039624 0.02388535031847134
0 0.5705128205128205 0.11385350318471338 0.05944055944055944 0.08121019108280254
1 0.5868298368298368 0.45461783439490444 0.038461538461538464 0.02388535031847134
1 0.20104895104895104 0.5191082802547771 0.05944055944055944 0.1305732484076433
2 0.6474358974358975 0.6218152866242038 0.019813519813519812 0.0589171974522293
2 0.9393939393939394 0.31289808917197454 0.030303030303030304 0.07165605095541401
1 0.38286713286713286 0.6902866242038217 0.08275058275058275 0.07484076433121019
0 0.7966200466200466 0.5573248407643312 0.05710955710955711 0.044585987261146494
1 0.047785547785547784 0.9164012738853503 0.018648018648018648 0.052547770700636945
2 0.08333333333333333 0.9331210191082803 0.026806526806526808 0.07006369426751592
