2 0.1993006993006993 0.8320063694267515 0.027972027972027972 0.07484076433121019
0 0.3572261072261072 0.14888535031847133 0.054778554778554776 0.11305732484076433
1 0.46503496503496505 0.24920382165605096 0.039627039627039624 0.027070063694267517
0 0.6590909090909091 0.07802547770700637 0.05944055944055944 0.05732484076433121
1 0.8071095571095571 0.7762738853503185 0.08275058275058275 0.07484076433121019
1 0.2196969696969697 0.11942675159235669 0.0641025641025641 0.03821656050955414
1 0.7692307692307693 0.15047770700636942 0.02097902097902098 0.06210191082802548
0 0.5297202797202797 0.16321656050955413 0.0641025641025641 0.04936305732484077
0 0.6462703962703963 0.7070063694267515 0.08275058275058275 0.17834394904458598
1 0.7476689976689976 0.22929936305732485 0.0780885780885781 0.06687898089171974
