1 0.4574592074592075 0.30095541401273884 0.05244755244755245 0.1464968152866242
1 0.1590909090909091 0.5812101910828026 0.06177156177156177 0.03821656050955414
2 0.9627039627039627 0.8765923566878981 0.030303030303030304 0.0875796178343949
2 0.11421911421911422 0.29777070063694266 0.07692307692307693 0.050955414012738856
2 0.9388111888111889 0.6337579617834395 0.05244755244755245 0.041401273885350316
2 0.4382284382284382 0.6345541401273885 0.03496503496503497 0.09713375796178345
1 0.23892773892773891 0.4410828025477707 0.039627039627039624 0.08280254777070063
2 0.6695804195804196 0.4211783439490446 0.0337995337995338 0.07802547770700637
0 0.14801864801864803 0.37579617834394907 0.02564102564102564 0.050955414012738856
1 0.8916083916083916 0.5374203821656051 0.08158508158508158 0.06210191082802548
