2 0.14393939393939395 0.8606687898089171 0.03613053613053613 0.09076433121019108
1 0.6695804195804196 0.7746815286624203 0.03146853146853147 0.042993630573248405
0 0.8613053613053613 0.5023885350318471 0.030303030303030304 0.07165605095541401
1 0.14976689976689977 0.22213375796178345 0.05944055944055944 0.1321656050955414
2 0.8187645687645687 0.9506369426751592 0.07342657342657342 0.050955414012738856
0 0.6456876456876457 0.042993630573248405 0.03263403263403263 0.06687898089171974
2 0.3793706293706294 0.15127388535031847 0.038461538461538464 0.08280254777070063
1 0.6777389277389277 0.40843949044585987 0.07109557109557109 0.04617834394904458
1 0.8776223776223776 0.9506369426751592 0.037296037296037296 0.022292993630573247
1 0.9766899766899767 0.18949044585987262 0.03263403263403263 0.08598726114649681
