2 0.3269230769230769 0.03901273885350318 0.03146853146853147 0.07802547770700637
1 0.7086247086247086 0.3375796178343949 0.1445221445221445 0.08917197452229299
2 0.965034965034965 0.6234076433121019 0.055944055944055944 0.030254777070063694
1 0.07226107226107226 0.4020700636942675 0.037296037296037296 0.020700636942675158
0 0.8688811188811189 0.4251592356687898 0.14102564102564102 0.1337579617834395
0 0.6206293706293706 0.17754777070063693 0.054778554778554776 0.11305732484076433
1 0.7115384615384616 0.13136942675159236 0.05944055944055944 0.1321656050955414
0 0.4766899766899767 0.606687898089172 0.055944055944055944 0.050955414012738856
0 0.8100233100233101 0.8359872611464968 0.037296037296037296 0.08598726114649681
2 0.7599067599067599 0.9124203821656051 0.04895104895104895 0.03184713375796178
