1 0.9527972027972028 0.7794585987261147 0.0641025641025641 0.12579617834394904
0 0.6870629370629371 0.28503184713375795 0.038461538461538464 0.08598726114649681
1 0.3356643356643357 0.13296178343949044 0.08158508158508158 0.06210191082802548
1 0.051864801864801864 0.8359872611464968 0.05944055944055944 0.1305732484076433
0 0.6171328671328671 0.08121019108280254 0.04079254079254079 0.08280254777070063
1 0.5 0.4339171974522293 0.04428904428904429 0.12898089171974522
1 0.3916083916083916 0.28105095541401276 0.04195804195804196 0.12261146496815287
1 0.06060606060606061 0.4872611464968153 0.08158508158508158 0.06050955414012739
2 0.8811188811188811 0.7969745222929936 0.027972027972027972 0.06847133757961783
1 0.6625874125874126 0.5660828025477707 0.03146853146853147 0.08439490445859872
