1 0.4592074592074592 0.20780254777070065 0.030303030303030304 0.03980891719745223
0 0.15734265734265734 0.6552547770700637 0.04428904428904429 0.09394904458598727
2 0.04312354312354312 0.7587579617834395 0.027972027972027972 0.06847133757961783
1 0.38578088578088576 0.3479299363057325 0.09557109557109557 0.06210191082802548
1 0.6963869463869464 0.6886942675159236 0.054778554778554776 0.11305732484076433
2 0.574009324009324 0.35429936305732485 0.045454545454545456 0.042993630573248405
2 0.9685314685314685 0.6329617834394905 0.055944055944055944 0.030254777070063694
1 0.40617715617715616 0.25079617834394907 0.029137529137529136 0.09076433121019108
2 0.8956876456876457 0.5278662420382165 0.0337995337995338 0.07802547770700637
2 0.4155011655011655 0.8176751592356688 0.054778554778554776 0.11305732484076433
