0 0.6684149184149184 0.5780254777070064 0.09207459207459208 0.10191082802547771
2 0.5635198135198135 0.8431528662420382 0.05944055944055944 0.052547770700636945
1 0.7266899766899767 0.1664012738853503 0.045454545454545456 0.11305732484076433
2 0.20279720279720279 0.2372611464968153 0.02564102564102564 0.07006369426751592
2 0.40734265734265734 0.7754777070063694 0.0337995337995338 0.10191082802547771
0 0.27913752913752915 0.6281847133757962 0.03146853146853147 0.06210191082802548
1 0.6456876456876457 0.2874203821656051 0.053613053613053616 0.04617834394904458
2 0.9335664335664335 0.5756369426751592 0.037296037296037296 0.08439490445859872
2 0.10198135198135198 0.4721337579617834 0.0337995337995338 0.07802547770700637
2 0.8024475524475524 0.9315286624203821 0.017482517482517484 0.050955414012738856
