1 0.703962703962704 0.3359872611464968 0.039627039627039624 0.08280254777070063
1 0.7931235431235432 0.9068471337579618 0.054778554778554776 0.11942675159235669
0 0.2365967365967366 0.07961783439490445 0.046620046620046623 0.08280254777070063
0 0.5192307692307693 0.7046178343949044 0.045454545454545456 0.03980891719745223
1 0.4230769230769231 0.9546178343949044 0.07692307692307693 0.06528662420382166
1 0.8986013986013986 0.5007961783439491 0.039627039627039624 0.02388535031847134
0 0.9137529137529138 0.08996815286624203 0.04195804195804196 0.030254777070063694
2 0.5693473193473193 0.12101910828025478 0.03146853146853147 0.07643312101910828
0 0.12004662004662005 0.5477707006369427 0.06993006993006994 0.06369426751592357
1 0.6317016317016317 0.589968152866242 0.05128205128205128 0.11942675159235669
