1 0.2837995337995338 0.20302547770700638 0.04312354312354312 0.0875796178343949
1 0.2395104895104895 0.7722929936305732 0.022144522144522144 0.07006369426751592
2 0.3921911421911422 0.1592356687898089 0.038461538461538464 0.08280254777070063
0 0.8665501165501166 0.5947452229299363 0.0944055944055944 0.09076433121019108
1 0.9224941724941725 0.19347133757961785 0.017482517482517484 0.052547770700636945
1 0.07109557109557109 0.5262738853503185 0.09557109557109557 0.06210191082802548
1 0.6602564102564102 0.8383757961783439 0.017482517482517484 0.052547770700636945
0 0.4627039627039627 0.5469745222929936 0.030303030303030304 0.07165605095541401
2 0.587995337995338 0.49442675159235666 0.05011655011655012 0.03343949044585987
1 0.7727272727272727 0.9585987261146497 0.09557109557109557 0.05732484076433121
