2 0.32400932400932403 0.8320063694267515 0.027972027972027972 0.06847133757961783
1 0.15675990675990675 0.19347133757961785 0.08508158508158509 0.03980891719745223
1 0.18764568764568765 0.482484076433121 0.046620046620046623 0.08280254777070063
1 0.5635198135198135 0.4538216560509554 0.0944055944055944 0.06050955414012739
1 0.46794871794871795 0.5740445859872612 0.07575757575757576 0.12898089171974522
1 0.5046620046620046 0.7484076433121019 0.039627039627039624 0.025477707006369428
1 0.7587412587412588 0.3073248407643312 0.027972027972027972 0.06050955414012739
0 0.9603729603729604 0.3431528662420382 0.03496503496503497 0.027070063694267517
0 0.03671328671328671 0.6950636942675159 0.026806526806526808 0.0589171974522293
0 0.06993006993006994 0.06926751592356688 0.06293706293706294 0.052547770700636945
