1 0.22843822843822845 0.2898089171974522 0.08857808857808858 0.07006369426751592
0 0.8688811188811189 0.1520700636942675 0.038461538461538464 0.08439490445859872
1 0.6905594405594405 0.803343949044586 0.04312354312354312 0.09076433121019108
1 0.398018648018648 0.3535031847133758 0.0780885780885781 0.06687898089171974
0 0.3321678321678322 0.23328025477707007 0.02564102564102564 0.0589171974522293
1 0.4324009324009324 0.6345541401273885 0.09557109557109557 0.08121019108280254
2 0.07109557109557109 0.1942675159235669 0.05128205128205128 0.03184713375796178
1 0.12412587412587413 0.6823248407643312 0.09207459207459208 0.06528662420382166
2 0.5495337995337995 0.3622611464968153 0.10372960372960373 0.07802547770700637
2 0.17365967365967366 0.10111464968152867 0.06060606060606061 0.03662420382165605
