1 0.6054778554778555 0.3184713375796178 0.08508158508158509 0.21337579617834396
1 0.6445221445221445 0.0963375796178344 0.08158508158508158 0.06210191082802548
2 0.5005827505827506 0.4745222929936306 0.019813519813519812 0.050955414012738856
0 0.11596736596736597 0.09792993630573249 0.038461538461538464 0.08439490445859872
1 0.8344988344988346 0.18550955414012738 0.023310023310023312 0.04936305732484077
1 0.3997668997668998 0.46178343949044587 0.08158508158508158 0.06050955414012739
0 0.8473193473193473 0.38057324840764334 0.08857808857808858 0.07006369426751592
1 0.2762237762237762 0.20621019108280256 0.027972027972027972 0.07802547770700637
0 0.053613053613053616 0.6019108280254777 0.023310023310023312 0.06687898089171974
0 0.16433566433566432 0.554140127388535 0.05128205128205128 0.04777070063694268
