1 0.837995337995338 0.7380573248407644 0.08158508158508158 0.06210191082802548
0 0.9073426573426573 0.839171974522293 0.07109557109557109 0.05732484076433121
1 0.6025641025641025 0.1926751592356688 0.05827505827505827 0.03821656050955414
1 0.34207459207459207 0.12818471337579618 0.054778554778554776 0.11942675159235669
1 0.4965034965034965 0.9187898089171974 0.03263403263403263 0.06687898089171974
1 0.38752913752913754 0.40445859872611467 0.05244755244755245 0.1464968152866242
0 0.2331002331002331 0.07404458598726114 0.027972027972027972 0.08121019108280254
1 0.634032634032634 0.9546178343949044 0.06060606060606061 0.03980891719745223
1 0.8385780885780886 0.7921974522292994 0.05944055944055944 0.03662420382165605
2 0.5856643356643356 0.7197452229299363 0.09906759906759907 0.06369426751592357
