1 0.8910256410256411 0.8097133757961783 0.09673659673659674 0.08121019108280254
1 0.15967365967365968 0.7969745222929936 0.0675990675990676 0.04936305732484077
2 0.087995337995338 0.25398089171974525 0.026806526806526808 0.08439490445859872
1 0.3041958041958042 0.054140127388535034 0.05128205128205128 0.07961783439490445
1 0.3006993006993007 0.12977707006369427 0.05827505827505827 0.04617834394904458
2 0.4865967365967366 0.5597133757961783 0.029137529137529136 0.07802547770700637
2 0.27505827505827507 0.9259554140127388 0.030303030303030304 0.07165605095541401
0 0.7284382284382285 0.5963375796178344 0.053613053613053616 0.04936305732484077
1 0.9061771561771562 0.22929936305732485 0.047785547785547784 0.11146496815286625
2 0.17132867132867133 0.29697452229299365 0.030303030303030304 0.07165605095541401
