1 0.5565268065268065 0.8367834394904459 0.05944055944055944 0.1321656050955414
2 0.7266899766899767 0.303343949044586 0.0944055944055944 0.0589171974522293
1 0.5116550116550117 0.6027070063694268 0.055944055944055944 0.03662420382165605
0 0.2907925407925408 0.5254777070063694 0.029137529137529136 0.04777070063694268
1 0.29603729603729606 0.042993630573248405 0.0675990675990676 0.08280254777070063
1 0.4959207459207459 0.06289808917197452 0.09906759906759907 0.0589171974522293
2 0.16317016317016317 0.4355095541401274 0.07925407925407925 0.04936305732484077
0 0.946969696969697 0.6011146496815286 0.054778554778554776 0.11305732484076433
1 0.9207459207459208 0.0660828025477707 0.09557109557109557 0.08121019108280254
1 0.12354312354312354 0.3304140127388535 0.08158508158508158 0.0589171974522293
