1 0.5367132867132867 0.8184713375796179 0.045454545454545456 0.1305732484076433
1 0.5192307692307693 0.1464968152866242 0.10839160839160839 0.18789808917197454
0 0.30011655011655014 0.8909235668789809 0.038461538461538464 0.08439490445859872
1 0.5821678321678322 0.5843949044585988 0.045454545454545456 0.1305732484076433
2 0.3677156177156177 0.697452229299363 0.017482517482517484 0.044585987261146494
1 0.17773892773892774 0.3487261146496815 0.045454545454545456 0.11146496815286625
2 0.4166666666666667 0.3431528662420382 0.04079254079254079 0.027070063694267517
1 0.22319347319347319 0.5485668789808917 0.054778554778554776 0.11305732484076433
1 0.418997668997669 0.1178343949044586 0.0780885780885781 0.1305732484076433
1 0.8665501165501166 0.517515923566879 0.038461538461538464 0.025477707006369428
