1 0.38694638694638694 0.38136942675159236 0.08158508158508158 0.06210191082802548
0 0.877039627039627 0.5971337579617835 0.07109557109557109 0.06687898089171974
2 0.8473193473193473 0.18312101910828024 0.08624708624708624 0.054140127388535034
2 0.5407925407925408 0.8113057324840764 0.023310023310023312 0.06847133757961783
0 0.337995337995338 0.31289808917197454 0.06060606060606061 0.04617834394904458
0 0.3508158508158508 0.4713375796178344 0.09557109557109557 0.07006369426751592
1 0.06526806526806526 0.30971337579617836 0.037296037296037296 0.07484076433121019
1 0.5705128205128205 0.267515923566879 0.047785547785547784 0.028662420382165606
0 0.22319347319347319 0.21815286624203822 0.03613053613053613 0.08598726114649681
2 0.6806526806526807 0.5955414012738853 0.037296037296037296 0.09554140127388536
