1 0.7243589743589743 0.8073248407643312 0.05944055944055944 0.05732484076433121
1 0.7226107226107226 0.552547770700637 0.0675990675990676 0.12738853503184713
1 0.1252913752913753 0.6695859872611465 0.05944055944055944 0.1321656050955414
1 0.9184149184149184 0.21098726114649682 0.06526806526806526 0.03980891719745223
1 0.6363636363636364 0.2603503184713376 0.13286713286713286 0.09713375796178345
1 0.1987179487179487 0.4036624203821656 0.0944055944055944 0.18630573248407642
2 0.5687645687645687 0.40605095541401276 0.06060606060606061 0.1178343949044586
1 0.877039627039627 0.6050955414012739 0.13403263403263405 0.09554140127388536
1 0.4807692307692308 0.6504777070063694 0.05944055944055944 0.03662420382165605
1 0.09615384615384616 0.3606687898089172 0.04079254079254079 0.12261146496815287
