0 0.15734265734265734 0.8789808917197452 0.037296037296037296 0.08598726114649681
1 0.19755244755244755 0.4737261146496815 0.038461538461538464 0.030254777070063694
2 0.49417249417249415 0.6122611464968153 0.10955710955710955 0.07802547770700637
1 0.7634032634032634 0.7173566878980892 0.0675990675990676 0.042993630573248405
1 0.3356643356643357 0.3678343949044586 0.039627039627039624 0.022292993630573247
1 0.6637529137529138 0.339171974522293 0.07575757575757576 0.050955414012738856
1 0.47144522144522144 0.23646496815286625 0.01282051282051282 0.07802547770700637
1 0.11305361305361306 0.6369426751592356 0.05827505827505827 0.03503184713375796
2 0.4603729603729604 0.47770700636942676 0.027972027972027972 0.08598726114649681
0 0.6031468531468531 0.8335987261146497 0.10139860139860139 0.0875796178343949
