0 0.3502331002331002 0.7245222929936306 0.06876456876456877 0.05732484076433121
0 0.07925407925407925 0.29777070063694266 0.03263403263403263 0.07006369426751592
2 0.8682983682983683 0.6552547770700637 0.0675990675990676 0.04617834394904458
0 0.17132867132867133 0.8869426751592356 0.1048951048951049 0.18471337579617833
1 0.36363636363636365 0.8097133757961783 0.037296037296037296 0.10987261146496816
2 0.6212121212121212 0.49761146496815284 0.055944055944055944 0.03662420382165605
1 0.7744755244755245 0.10589171974522293 0.05944055944055944 0.1321656050955414
1 0.6917249417249417 0.4681528662420382 0.04312354312354312 0.03184713375796178
1 0.25466200466200467 0.8869426751592356 0.017482517482517484 0.04777070063694268
0 0.6672494172494172 0.8686305732484076 0.0944055944055944 0.18630573248407642
