1 0.21386946386946387 0.8542993630573248 0.08275058275058275 0.07484076433121019
0 0.9370629370629371 0.606687898089172 0.037296037296037296 0.08598726114649681
1 0.3152680652680653 0.04856687898089172 0.029137529137529136 0.08121019108280254
1 0.9662004662004662 0.8885350318471338 0.030303030303030304 0.07006369426751592
2 0.8537296037296037 0.28105095541401276 0.015151515151515152 0.042993630573248405
1 0.4195804195804196 0.0963375796178344 0.07226107226107226 0.1321656050955414
1 0.19405594405594406 0.6536624203821656 0.0337995337995338 0.020700636942675158
0 0.8881118881118881 0.37420382165605093 0.04895104895104895 0.041401273885350316
1 0.6730769230769231 0.3614649681528662 0.05944055944055944 0.050955414012738856
1 0.5868298368298368 0.4315286624203822 0.05944055944055944 0.04777070063694268
