0 0.3583916083916084 0.8957006369426752 0.07575757575757576 0.12898089171974522
0 0.9096736596736597 0.12022292993630573 0.03146853146853147 0.06210191082802548
1 0.9656177156177156 0.5254777070063694 0.05944055944055944 0.03821656050955414
1 0.6451048951048951 0.7945859872611465 0.05944055944055944 0.1305732484076433
1 0.3782051282051282 0.12738853503184713 0.06177156177156177 0.12101910828025478
0 0.7534965034965035 0.2961783439490446 0.029137529137529136 0.07961783439490445
1 0.87995337995338 0.4450636942675159 0.08391608391608392 0.0589171974522293
1 0.31993006993006995 0.5039808917197452 0.054778554778554776 0.09394904458598727
1 0.42599067599067597 0.5047770700636943 0.017482517482517484 0.054140127388535034
0 0.5891608391608392 0.5063694267515924 0.0337995337995338 0.07643312101910828
