0 0.9446386946386947 0.6138535031847133 0.06876456876456877 0.0589171974522293
1 0.10139860139860139 0.5843949044585988 0.037296037296037296 0.08280254777070063
0 0.20454545454545456 0.8901273885350318 0.05011655011655012 0.044585987261146494
1 0.8980186480186481 0.16003184713375795 0.06643356643356643 0.06528662420382166
1 0.6841491841491841 0.6130573248407644 0.023310023310023312 0.05732484076433121
1 0.6987179487179487 0.10589171974522293 0.029137529137529136 0.08121019108280254
1 0.9108391608391608 0.3049363057324841 0.08974358974358974 0.05573248407643312
1 0.6025641025641025 0.2213375796178344 0.09090909090909091 0.05732484076433121
2 0.9055944055944056 0.5238853503184714 0.039627039627039624 0.08280254777070063
1 0.17715617715617715 0.6664012738853503 0.046620046620046623 0.11305732484076433
