1 0.16025641025641027 0.6441082802547771 0.05944055944055944 0.1321656050955414
1 0.668997668997669 0.4753184713375796 0.03263403263403263 0.08439490445859872
2 0.23426573426573427 0.8113057324840764 0.030303030303030304 0.07165605095541401
1 0.8292540792540792 0.05573248407643312 0.017482517482517484 0.054140127388535034
1 0.8712121212121212 0.5270700636942676 0.017482517482517484 0.054140127388535034
2 0.4178321678321678 0.43710191082802546 0.12937062937062938 0.09394904458598727
2 0.5617715617715617 0.35111464968152867 0.04895104895104895 0.03343949044585987
1 0.5909090909090909 0.5581210191082803 0.08158508158508158 0.06210191082802548
1 0.8286713286713286 0.18869426751592358 0.13986013986013987 0.09394904458598727
2 0.17132867132867133 0.2778662420382166 0.037296037296037296 0.08439490445859872
