0 0.8904428904428905 0.41003184713375795 0.04428904428904429 0.09394904458598727
0 0.8875291375291375 0.552547770700637 0.05011655011655012 0.044585987261146494
1 0.7709790209790209 0.642515923566879 0.09673659673659674 0.0589171974522293
2 0.26573426573426573 0.46735668789808915 0.053613053613053616 0.042993630573248405
0 0.24592074592074592 0.3200636942675159 0.06526806526806526 0.06050955414012739
2 0.7791375291375291 0.5390127388535032 0.06177156177156177 0.052547770700636945
1 0.5186480186480187 0.85828025477707 0.027972027972027972 0.07961783439490445
1 0.18123543123543123 0.8343949044585988 0.10139860139860139 0.08280254777070063
1 0.2668997668997669 0.8638535031847133 0.05128205128205128 0.08121019108280254
1 0.44988344988344986 0.7269108280254777 0.06993006993006994 0.05573248407643312
