2 0.3951048951048951 0.8288216560509554 0.06293706293706294 0.052547770700636945
1 0.4533799533799534 0.41162420382165604 0.09557109557109557 0.06210191082802548
0 0.5874125874125874 0.6807324840764332 0.06293706293706294 0.052547770700636945
2 0.7057109557109557 0.0875796178343949 0.022144522144522144 0.06687898089171974
1 0.5058275058275058 0.5676751592356688 0.09557109557109557 0.09076433121019108
0 0.914918414918415 0.19585987261146498 0.0675990675990676 0.05732484076433121
1 0.4388111888111888 0.9554140127388535 0.05710955710955711 0.03503184713375796
2 0.6567599067599068 0.20302547770700638 0.03146853146853147 0.06210191082802548
1 0.1381118881118881 0.3996815286624204 0.05944055944055944 0.1305732484076433
1 0.5565268065268065 0.4068471337579618 0.05944055944055944 0.1321656050955414
