2 0.3921911421911422 0.6035031847133758 0.038461538461538464 0.08280254777070063
0 0.6078088578088578 0.8941082802547771 0.05710955710955711 0.12579617834394904
1 0.05128205128205128 0.8351910828025477 0.09557109557109557 0.06210191082802548
1 0.13986013986013987 0.4593949044585987 0.08158508158508158 0.06210191082802548
1 0.022727272727272728 0.2085987261146497 0.017482517482517484 0.050955414012738856
0 0.5885780885780886 0.4578025477707006 0.07226107226107226 0.1321656050955414
1 0.1456876456876457 0.20621019108280256 0.016317016317016316 0.052547770700636945
0 0.33624708624708627 0.7627388535031847 0.06876456876456877 0.08280254777070063
1 0.2744755244755245 0.3821656050955414 0.13636363636363635 0.08917197452229299
0 0.3094405594405594 0.13296178343949044 0.05944055944055944 0.04617834394904458
