0 0.8945221445221445 0.5390127388535032 0.054778554778554776 0.11305732484076433
1 0.581002331002331 0.09792993630573249 0.05944055944055944 0.1321656050955414
1 0.4376456876456876 0.8335987261146497 0.038461538461538464 0.02388535031847134
0 0.40501165501165504 0.7046178343949044 0.0337995337995338 0.08121019108280254
1 0.8111888111888111 0.3479299363057325 0.04428904428904429 0.08121019108280254
1 0.972027972027972 0.21894904458598727 0.030303030303030304 0.06528662420382166
2 0.585081585081585 0.8542993630573248 0.030303030303030304 0.07165605095541401
1 0.331002331002331 0.19028662420382167 0.03496503496503497 0.052547770700636945
1 0.4458041958041958 0.75 0.045454545454545456 0.1305732484076433
1 0.7680652680652681 0.5087579617834395 0.08158508158508158 0.06210191082802548
