1 0.3339160839160839 0.04777070063694268 0.0780885780885781 0.06687898089171974
2 0.8636363636363636 0.8558917197452229 0.05827505827505827 0.03343949044585987
0 0.8484848484848485 0.9562101910828026 0.04428904428904429 0.03980891719745223
0 0.10023310023310024 0.4148089171974522 0.06293706293706294 0.052547770700636945
0 0.18181818181818182 0.589968152866242 0.09324009324009325 0.0875796178343949
0 0.7004662004662005 0.42277070063694266 0.06293706293706294 0.052547770700636945
2 0.6567599067599068 0.6090764331210191 0.06177156177156177 0.052547770700636945
0 0.587995337995338 0.643312101910828 0.04312354312354312 0.06050955414012739
0 0.9102564102564102 0.9156050955414012 0.053613053613053616 0.04777070063694268
2 0.6928904428904429 0.7937898089171974 0.0337995337995338 0.07802547770700637
