1 0.9131701631701632 0.6488853503184714 0.0944055944055944 0.0589171974522293
1 0.16317016317016317 0.7571656050955414 0.04428904428904429 0.12579617834394904
2 0.8548951048951049 0.4872611464968153 0.10139860139860139 0.07006369426751592
1 0.6975524475524476 0.5047770700636943 0.024475524475524476 0.05732484076433121
0 0.9819347319347319 0.1839171974522293 0.0337995337995338 0.08121019108280254
1 0.23892773892773891 0.5581210191082803 0.037296037296037296 0.06847133757961783
0 0.5081585081585082 0.6918789808917197 0.06293706293706294 0.052547770700636945
2 0.9213286713286714 0.14729299363057324 0.03146853146853147 0.08439490445859872
1 0.7552447552447552 0.7348726114649682 0.05827505827505827 0.04617834394904458
1 0.057692307692307696 0.7953821656050956 0.05944055944055944 0.1321656050955414
