1 0.9038461538461539 0.8988853503184714 0.05944055944055944 0.1321656050955414
1 0.6509324009324009 0.2428343949044586 0.04312354312354312 0.05573248407643312
1 0.6480186480186481 0.927547770700637 0.04195804195804196 0.12579617834394904
2 0.4766899766899767 0.11146496815286625 0.027972027972027972 0.08598726114649681
1 0.3298368298368298 0.5159235668789809 0.055944055944055944 0.054140127388535034
1 0.391025641025641 0.6695859872611465 0.08275058275058275 0.07484076433121019
1 0.6742424242424242 0.5676751592356688 0.04312354312354312 0.12261146496815287
0 0.40326340326340326 0.3853503184713376 0.06993006993006994 0.07006369426751592
0 0.5763403263403264 0.2515923566878981 0.03613053613053613 0.08598726114649681
2 0.12237762237762238 0.2603503184713376 0.053613053613053616 0.042993630573248405
