1 0.45104895104895104 0.7078025477707006 0.0675990675990676 0.13535031847133758
1 0.057692307692307696 0.35111464968152867 0.05944055944055944 0.1321656050955414
0 0.6777389277389277 0.6894904458598726 0.05944055944055944 0.05732484076433121
2 0.06876456876456877 0.8726114649681529 0.02097902097902098 0.06687898089171974
2 0.8018648018648019 0.12420382165605096 0.039627039627039624 0.10191082802547771
1 0.5448717948717948 0.6257961783439491 0.07109557109557109 0.044585987261146494
2 0.2698135198135198 0.12022292993630573 0.08275058275058275 0.07802547770700637
0 0.553030303030303 0.35270700636942676 0.04312354312354312 0.12261146496815287
1 0.4393939393939394 0.41003184713375795 0.08158508158508158 0.06210191082802548
1 0.05011655011655012 0.7985668789808917 0.027972027972027972 0.07802547770700637
