2 0.018065268065268064 0.03423566878980892 0.03146853146853147 0.06210191082802548
1 0.8251748251748252 0.6098726114649682 0.02097902097902098 0.06687898089171974
1 0.7773892773892774 0.6671974522292994 0.037296037296037296 0.022292993630573247
1 0.534965034965035 0.8304140127388535 0.04195804195804196 0.12261146496815287
0 0.8811188811188811 0.49761146496815284 0.05128205128205128 0.04617834394904458
1 0.28613053613053613 0.8726114649681529 0.05944055944055944 0.1305732484076433
1 0.7278554778554779 0.41878980891719747 0.05011655011655012 0.04777070063694268
0 0.12937062937062938 0.410828025477707 0.053613053613053616 0.04777070063694268
1 0.3298368298368298 0.0517515923566879 0.07692307692307693 0.04617834394904458
0 0.16433566433566432 0.6648089171974523 0.02097902097902098 0.06210191082802548
