0 0.4988344988344988 0.7985668789808917 0.027972027972027972 0.06847133757961783
2 0.30244755244755245 0.3351910828025478 0.038461538461538464 0.08439490445859872
1 0.8141025641025641 0.44187898089171973 0.13636363636363635 0.09394904458598727
0 0.6800699300699301 0.4450636942675159 0.038461538461538464 0.08439490445859872
1 0.5367132867132867 0.3718152866242038 0.05944055944055944 0.1321656050955414
0 0.3939393939393939 0.9609872611464968 0.030303030303030304 0.07165605095541401
2 0.10897435897435898 0.3049363057324841 0.0337995337995338 0.07802547770700637
1 0.9265734265734266 0.6202229299363057 0.09557109557109557 0.18630573248407642
2 0.14685314685314685 0.38455414012738853 0.02564102564102564 0.07484076433121019
2 0.828088578088578 0.731687898089172 0.038461538461538464 0.08121019108280254
