0 0.16958041958041958 0.4880573248407643 0.0641025641025641 0.04936305732484077
2 0.8857808857808858 0.17595541401273884 0.05827505827505827 0.052547770700636945
1 0.7803030303030303 0.6616242038216561 0.054778554778554776 0.11305732484076433
0 0.08391608391608392 0.5756369426751592 0.07692307692307693 0.06210191082802548
2 0.3916083916083916 0.8734076433121019 0.053613053613053616 0.03662420382165605
1 0.6614219114219114 0.5429936305732485 0.1386946386946387 0.1178343949044586
1 0.4393939393939394 0.20780254777070065 0.05128205128205128 0.11942675159235669
2 0.8327505827505828 0.8813694267515924 0.054778554778554776 0.03980891719745223
1 0.09673659673659674 0.7237261146496815 0.018648018648018648 0.05573248407643312
1 0.13927738927738928 0.7452229299363057 0.0641025641025641 0.04777070063694268
