1 0.4737762237762238 0.964171974522293 0.017482517482517484 0.05573248407643312
2 0.7214452214452215 0.5517515923566879 0.09557109557109557 0.06210191082802548
1 0.2762237762237762 0.46337579617834396 0.027972027972027972 0.07961783439490445
0 0.782051282051282 0.7436305732484076 0.037296037296037296 0.08598726114649681
1 0.6351981351981352 0.6178343949044586 0.09324009324009325 0.05732484076433121
0 0.9417249417249417 0.37420382165605093 0.04895104895104895 0.044585987261146494
2 0.833916083916084 0.5007961783439491 0.06643356643356643 0.03980891719745223
1 0.4801864801864802 0.7388535031847133 0.06293706293706294 0.04777070063694268
1 0.8432400932400932 0.12579617834394904 0.0337995337995338 0.09235668789808917
1 0.5087412587412588 0.4179936305732484 0.03146853146853147 0.08121019108280254
