1 0.15384615384615385 0.46576433121019106 0.08158508158508158 0.06210191082802548
1 0.13752913752913754 0.2746815286624204 0.06993006993006994 0.1767515923566879
1 0.40617715617715616 0.7133757961783439 0.03613053613053613 0.08598726114649681
1 0.5932400932400932 0.6265923566878981 0.046620046620046623 0.030254777070063694
0 0.26515151515151514 0.6616242038216561 0.06177156177156177 0.052547770700636945
2 0.4184149184149184 0.06449044585987261 0.02097902097902098 0.04936305732484077
2 0.6462703962703963 0.9323248407643312 0.05944055944055944 0.042993630573248405
1 0.26165501165501165 0.07245222929936306 0.09207459207459208 0.06528662420382166
1 0.21503496503496503 0.2412420382165605 0.05944055944055944 0.1321656050955414
1 0.5903263403263403 0.7547770700636943 0.13636363636363635 0.09235668789808917
