0 0.3717948717948718 0.25477707006369427 0.03496503496503497 0.054140127388535034
2 0.4493006993006993 0.49761146496815284 0.06177156177156177 0.052547770700636945
0 0.168997668997669 0.321656050955414 0.02564102564102564 0.050955414012738856
2 0.5186480186480187 0.964171974522293 0.04895104895104895 0.03343949044585987
2 0.0675990675990676 0.27229299363057324 0.023310023310023312 0.06050955414012739
2 0.47494172494172493 0.3328025477707006 0.029137529137529136 0.07961783439490445
1 0.527972027972028 0.45063694267515925 0.039627039627039624 0.08280254777070063
0 0.4533799533799534 0.9426751592356688 0.05128205128205128 0.04777070063694268
1 0.696969696969697 0.8113057324840764 0.04428904428904429 0.08121019108280254
1 0.6171328671328671 0.43789808917197454 0.0944055944055944 0.06050955414012739
