0 0.9224941724941725 0.06369426751592357 0.10139860139860139 0.10509554140127389
2 0.49533799533799533 0.75 0.03263403263403263 0.08280254777070063
0 0.06585081585081586 0.5557324840764332 0.038461538461538464 0.08598726114649681
1 0.4551282051282051 0.303343949044586 0.1386946386946387 0.09076433121019108
1 0.15384615384615385 0.5437898089171974 0.05827505827505827 0.03662420382165605
1 0.6538461538461539 0.9601910828025477 0.030303030303030304 0.06369426751592357
2 0.023892773892773892 0.8535031847133758 0.026806526806526808 0.08917197452229299
1 0.10547785547785547 0.2269108280254777 0.038461538461538464 0.02388535031847134
0 0.8508158508158508 0.2340764331210191 0.03263403263403263 0.07006369426751592
1 0.17715617715617715 0.4609872611464968 0.06993006993006994 0.042993630573248405
