0 0.7674825174825175 0.12898089171974522 0.029137529137529136 0.06369426751592357
0 0.36247086247086246 0.1910828025477707 0.0675990675990676 0.05732484076433121
1 0.2494172494172494 0.5230891719745223 0.06993006993006994 0.06210191082802548
1 0.3356643356643357 0.31130573248407645 0.03496503496503497 0.0875796178343949
1 0.11713286713286714 0.14410828025477707 0.05944055944055944 0.1321656050955414
1 0.8409090909090909 0.5573248407643312 0.03613053613053613 0.08598726114649681
1 0.7738927738927739 0.8144904458598726 0.03496503496503497 0.027070063694267517
1 0.6002331002331003 0.19028662420382167 0.04428904428904429 0.12579617834394904
0 0.460955710955711 0.2444267515923567 0.07575757575757576 0.12898089171974522
1 0.20687645687645687 0.21178343949044587 0.029137529137529136 0.08280254777070063
