2 0.0675990675990676 0.5995222929936306 0.027972027972027972 0.06847133757961783
1 0.5909090909090909 0.8988853503184714 0.018648018648018648 0.04936305732484077
1 0.6247086247086248 0.927547770700637 0.018648018648018648 0.052547770700636945
1 0.3537296037296037 0.8121019108280255 0.12937062937062938 0.09235668789808917
1 0.5005827505827506 0.6536624203821656 0.04079254079254079 0.02388535031847134
0 0.6748251748251748 0.24363057324840764 0.02564102564102564 0.06687898089171974
1 0.7610722610722611 0.07722929936305732 0.027972027972027972 0.08121019108280254
0 0.8898601398601399 0.6902866242038217 0.0337995337995338 0.07165605095541401
0 0.8531468531468531 0.041401273885350316 0.04895104895104895 0.04777070063694268
1 0.6404428904428905 0.8296178343949044 0.029137529137529136 0.06369426751592357
