2 0.38053613053613056 0.589171974522293 0.05944055944055944 0.044585987261146494
2 0.08275058275058275 0.572452229299363 0.04895104895104895 0.030254777070063694
1 0.7418414918414918 0.4864649681528662 0.03146853146853147 0.08121019108280254
1 0.7523310023310024 0.625 0.05944055944055944 0.1321656050955414
2 0.06701631701631702 0.446656050955414 0.03146853146853147 0.09713375796178345
2 0.20279720279720279 0.7921974522292994 0.027972027972027972 0.08439490445859872
1 0.6812354312354313 0.5732484076433121 0.024475524475524476 0.0732484076433121
1 0.5792540792540792 0.8335987261146497 0.08158508158508158 0.06210191082802548
1 0.6777389277389277 0.9585987261146497 0.017482517482517484 0.054140127388535034
0 0.5868298368298368 0.5055732484076433 0.09906759906759907 0.07802547770700637
