0 0.48543123543123545 0.04777070063694268 0.05944055944055944 0.050955414012738856
0 0.3502331002331002 0.6441082802547771 0.06177156177156177 0.052547770700636945
0 0.10431235431235432 0.07802547770700637 0.038461538461538464 0.08598726114649681
1 0.4592074592074592 0.6584394904458599 0.05128205128205128 0.0875796178343949
0 0.13986013986013987 0.37579617834394907 0.04195804195804196 0.05732484076433121
2 0.19813519813519814 0.7460191082802548 0.037296037296037296 0.027070063694267517
1 0.9574592074592074 0.7492038216560509 0.06177156177156177 0.09713375796178345
0 0.5868298368298368 0.10111464968152867 0.03613053613053613 0.06528662420382166
1 0.13694638694638694 0.8296178343949044 0.026806526806526808 0.07961783439490445
0 0.44463869463869465 0.28662420382165604 0.038461538461538464 0.08598726114649681
