2 0.9032634032634033 0.3765923566878981 0.02564102564102564 0.07484076433121019
1 0.486013986013986 0.8407643312101911 0.039627039627039624 0.022292993630573247
1 0.36013986013986016 0.44745222929936307 0.039627039627039624 0.025477707006369428
2 0.013986013986013986 0.7237261146496815 0.027972027972027972 0.06847133757961783
1 0.7907925407925408 0.17993630573248406 0.054778554778554776 0.12101910828025478
0 0.3076923076923077 0.15047770700636942 0.03496503496503497 0.027070063694267517
1 0.7680652680652681 0.5406050955414012 0.07925407925407925 0.06210191082802548
0 0.3531468531468531 0.23248407643312102 0.07459207459207459 0.1305732484076433
1 0.05536130536130536 0.9538216560509554 0.04312354312354312 0.06050955414012739
2 0.2196969696969697 0.5262738853503185 0.0337995337995338 0.09713375796178345
