1 0.10955710955710955 0.5565286624203821 0.06060606060606061 0.03980891719745223
0 0.19696969696969696 0.34076433121019106 0.03263403263403263 0.06687898089171974
1 0.8315850815850816 0.7484076433121019 0.029137529137529136 0.07961783439490445
0 0.9125874125874126 0.058121019108280256 0.030303030303030304 0.07165605095541401
0 0.5384615384615384 0.18152866242038215 0.07925407925407925 0.07006369426751592
2 0.18414918414918416 0.6242038216560509 0.06060606060606061 0.041401273885350316
2 0.6462703962703963 0.14171974522292993 0.0780885780885781 0.050955414012738856
1 0.4627039627039627 0.7627388535031847 0.04195804195804196 0.05732484076433121
1 0.26515151515151514 0.41003184713375795 0.0641025641025641 0.0589171974522293
2 0.7377622377622378 0.4156050955414013 0.037296037296037296 0.08598726114649681
