1 0.087995337995338 0.01751592356687898 0.038461538461538464 0.022292993630573247
1 0.6130536130536131 0.29697452229299365 0.07459207459207459 0.18630573248407642
1 0.6217948717948718 0.8558917197452229 0.1317016317016317 0.0875796178343949
2 0.3974358974358974 0.27070063694267515 0.03263403263403263 0.08280254777070063
0 0.1555944055944056 0.3304140127388535 0.03613053613053613 0.07484076433121019
1 0.6451048951048951 0.9785031847133758 0.05710955710955711 0.03662420382165605
2 0.36421911421911424 0.12977707006369427 0.06177156177156177 0.052547770700636945
1 0.10314685314685315 0.6281847133757962 0.054778554778554776 0.042993630573248405
2 0.20337995337995338 0.9195859872611465 0.038461538461538464 0.08439490445859872
2 0.905011655011655 0.552547770700637 0.038461538461538464 0.08280254777070063
