0 0.914918414918415 0.9585987261146497 0.053613053613053616 0.04777070063694268
1 0.6573426573426573 0.015127388535031847 0.039627039627039624 0.02388535031847134
2 0.8082750582750583 0.5087579617834395 0.0337995337995338 0.07165605095541401
1 0.15034965034965034 0.06210191082802548 0.09324009324009325 0.05732484076433121
2 0.2773892773892774 0.7619426751592356 0.06060606060606061 0.052547770700636945
1 0.18006993006993008 0.9681528662420382 0.0337995337995338 0.050955414012738856
2 0.6066433566433567 0.2412420382165605 0.08275058275058275 0.07484076433121019
1 0.042540792540792544 0.06210191082802548 0.06177156177156177 0.041401273885350316
1 0.7068764568764568 0.4498407643312102 0.08974358974358974 0.05573248407643312
1 0.8216783216783217 0.2444267515923567 0.02564102564102564 0.07165605095541401
