1 0.9918414918414918 0.9490445859872612 0.016317016317016316 0.044585987261146494
0 0.8694638694638694 0.8128980891719745 0.03496503496503497 0.027070063694267517
1 0.9038461538461539 0.7269108280254777 0.05944055944055944 0.1321656050955414
1 0.8583916083916084 0.2531847133757962 0.024475524475524476 0.06687898089171974
0 0.8414918414918415 0.39888535031847133 0.027972027972027972 0.06847133757961783
2 0.9685314685314685 0.11703821656050956 0.02564102564102564 0.09076433121019108
0 0.7447552447552448 0.677547770700637 0.02564102564102564 0.0589171974522293
1 0.6258741258741258 0.19028662420382167 0.04895104895104895 0.1321656050955414
2 0.14685314685314685 0.14570063694267515 0.06293706293706294 0.052547770700636945
1 0.04428904428904429 0.357484076433121 0.07925407925407925 0.04936305732484077
