1 0.5034965034965035 0.42277070063694266 0.030303030303030304 0.03980891719745223
1 0.1386946386946387 0.8797770700636943 0.030303030303030304 0.06210191082802548
2 0.8187645687645687 0.4785031847133758 0.04079254079254079 0.10668789808917198
1 0.9271561771561772 0.7563694267515924 0.0337995337995338 0.050955414012738856
1 0.8496503496503497 0.642515923566879 0.09557109557109557 0.06210191082802548
2 0.6509324009324009 0.6496815286624203 0.05244755244755245 0.041401273885350316
2 0.539044289044289 0.7563694267515924 0.029137529137529136 0.07006369426751592
2 0.3747086247086247 0.7062101910828026 0.06177156177156177 0.052547770700636945
1 0.9312354312354313 0.5111464968152867 0.03496503496503497 0.07006369426751592
2 0.6940559440559441 0.2444267515923567 0.05244755244755245 0.03980891719745223
