0 0.38694638694638694 0.8097133757961783 0.053613053613053616 0.06847133757961783
0 0.5174825174825175 0.8614649681528662 0.0979020979020979 0.09235668789808917
1 0.5518648018648019 0.2125796178343949 0.029137529137529136 0.08439490445859872
1 0.5536130536130536 0.09076433121019108 0.05128205128205128 0.07961783439490445
1 0.8793706293706294 0.32404458598726116 0.05944055944055944 0.1321656050955414
2 0.1247086247086247 0.4928343949044586 0.037296037296037296 0.08439490445859872
0 0.034382284382284384 0.2444267515923567 0.05710955710955711 0.052547770700636945
2 0.8403263403263403 0.6234076433121019 0.027972027972027972 0.06847133757961783
1 0.19114219114219114 0.8176751592356688 0.04195804195804196 0.12261146496815287
1 0.7266899766899767 0.8590764331210191 0.05944055944055944 0.1321656050955414
