0 0.7902097902097902 0.7826433121019108 0.030303030303030304 0.07165605095541401
1 0.19405594405594406 0.9355095541401274 0.04079254079254079 0.02388535031847134
0 0.34440559440559443 0.3646496815286624 0.04312354312354312 0.08598726114649681
2 0.5804195804195804 0.18471337579617833 0.030303030303030304 0.08917197452229299
0 0.24184149184149184 0.0732484076433121 0.05244755244755245 0.041401273885350316
1 0.8613053613053613 0.2929936305732484 0.06993006993006994 0.07006369426751592
1 0.8741258741258742 0.9355095541401274 0.039627039627039624 0.02388535031847134
2 0.4026806526806527 0.37022292993630573 0.05944055944055944 0.04617834394904458
1 0.18764568764568765 0.4498407643312102 0.04895104895104895 0.12579617834394904
2 0.9405594405594405 0.2571656050955414 0.07925407925407925 0.04936305732484077
