1 0.2301864801864802 0.32802547770700635 0.045454545454545456 0.1305732484076433
1 0.3385780885780886 0.1823248407643312 0.05944055944055944 0.1321656050955414
1 0.15034965034965034 0.37022292993630573 0.039627039627039624 0.02388535031847134
1 0.32284382284382285 0.6146496815286624 0.14219114219114218 0.11464968152866242
1 0.07342657342657342 0.7921974522292994 0.053613053613053616 0.04936305732484077
1 0.7884615384615384 0.47054140127388533 0.03146853146853147 0.08439490445859872
0 0.479020979020979 0.6632165605095541 0.06293706293706294 0.052547770700636945
1 0.9568764568764568 0.10270700636942676 0.03496503496503497 0.0875796178343949
2 0.26165501165501165 0.9164012738853503 0.038461538461538464 0.07484076433121019
0 0.8886946386946387 0.8909235668789809 0.03146853146853147 0.08121019108280254
