0 0.5221445221445221 0.044585987261146494 0.053613053613053616 0.04777070063694268
2 0.12179487179487179 0.392515923566879 0.06177156177156177 0.042993630573248405
0 0.3583916083916084 0.9187898089171974 0.05944055944055944 0.04777070063694268
2 0.23426573426573427 0.5246815286624203 0.027972027972027972 0.06847133757961783
1 0.8012820512820513 0.8304140127388535 0.05944055944055944 0.1321656050955414
1 0.30186480186480186 0.5286624203821656 0.08624708624708624 0.06050955414012739
1 0.5017482517482518 0.9426751592356688 0.038461538461538464 0.03184713375796178
1 0.5472027972027972 0.7627388535031847 0.04079254079254079 0.025477707006369428
1 0.2092074592074592 0.31528662420382164 0.09207459207459208 0.05732484076433121
0 0.7651515151515151 0.1536624203821656 0.054778554778554776 0.042993630573248405
