2 0.9428904428904429 0.7563694267515924 0.08158508158508158 0.054140127388535034
2 0.8933566433566433 0.8821656050955414 0.024475524475524476 0.06687898089171974
1 0.07517482517482517 0.9132165605095541 0.08275058275058275 0.07484076433121019
2 0.0780885780885781 0.1321656050955414 0.039627039627039624 0.08280254777070063
2 0.5524475524475524 0.7523885350318471 0.037296037296037296 0.027070063694267517
1 0.2465034965034965 0.3885350318471338 0.07342657342657342 0.05732484076433121
2 0.3508158508158508 0.4307324840764331 0.027972027972027972 0.07484076433121019
1 0.7942890442890443 0.9418789808917197 0.015151515151515152 0.02388535031847134
1 0.5303030303030303 0.12101910828025478 0.037296037296037296 0.03184713375796178
0 0.7867132867132867 0.6807324840764332 0.05128205128205128 0.08121019108280254
