1 0.4994172494172494 0.5445859872611465 0.09207459207459208 0.10191082802547771
0 0.8851981351981352 0.5923566878980892 0.0780885780885781 0.1305732484076433
0 0.8688811188811189 0.09792993630573249 0.04079254079254079 0.0875796178343949
1 0.4160839160839161 0.6950636942675159 0.07226107226107226 0.1321656050955414
0 0.3385780885780886 0.5613057324840764 0.09207459207459208 0.06528662420382166
1 0.703962703962704 0.6385350318471338 0.053613053613053616 0.04777070063694268
0 0.47027972027972026 0.03980891719745223 0.05011655011655012 0.04777070063694268
0 0.7558275058275058 0.1998407643312102 0.03613053613053613 0.07484076433121019
1 0.7634032634032634 0.8184713375796179 0.09090909090909091 0.05732484076433121
0 0.30477855477855476 0.6703821656050956 0.14102564102564102 0.1337579617834395
