1 0.7307692307692307 0.3909235668789809 0.055944055944055944 0.10031847133757962
0 0.9085081585081585 0.6998407643312102 0.06876456876456877 0.06210191082802548
1 0.28205128205128205 0.7762738853503185 0.05827505827505827 0.03662420382165605
2 0.12645687645687645 0.9514331210191083 0.0337995337995338 0.07802547770700637
0 0.32634032634032634 0.6050955414012739 0.03496503496503497 0.07006369426751592
1 0.2913752913752914 0.6401273885350318 0.02097902097902098 0.06687898089171974
1 0.4405594405594406 0.10748407643312102 0.02564102564102564 0.0589171974522293
0 0.32342657342657344 0.5159235668789809 0.07575757575757576 0.054140127388535034
1 0.14277389277389277 0.3335987261146497 0.09207459207459208 0.0589171974522293
1 0.7476689976689976 0.8097133757961783 0.038461538461538464 0.02388535031847134
