2 0.5291375291375291 0.1377388535031847 0.027972027972027972 0.06847133757961783
0 0.22086247086247085 0.14968152866242038 0.06876456876456877 0.054140127388535034
1 0.1590909090909091 0.8614649681528662 0.04079254079254079 0.025477707006369428
2 0.42657342657342656 0.9004777070063694 0.07226107226107226 0.04617834394904458
0 0.7966200466200466 0.7428343949044586 0.05244755244755245 0.04617834394904458
1 0.38986013986013984 0.6297770700636943 0.0944055944055944 0.18630573248407642
1 0.6934731934731935 0.7555732484076433 0.039627039627039624 0.11942675159235669
1 0.6748251748251748 0.9092356687898089 0.04195804195804196 0.05732484076433121
1 0.4784382284382284 0.46337579617834396 0.017482517482517484 0.054140127388535034
0 0.18181818181818182 0.6186305732484076 0.046620046620046623 0.10987261146496816
