1 0.229020979020979 0.1321656050955414 0.09207459207459208 0.06369426751592357
2 0.722027972027972 0.05493630573248408 0.05944055944055944 0.03980891719745223
1 0.36480186480186483 0.821656050955414 0.07226107226107226 0.17834394904458598
1 0.29895104895104896 0.5382165605095541 0.05944055944055944 0.1305732484076433
1 0.34032634032634035 0.2635350318471338 0.04195804195804196 0.03980891719745223
1 0.46445221445221446 0.6735668789808917 0.04079254079254079 0.025477707006369428
1 0.1963869463869464 0.3471337579617834 0.05944055944055944 0.1305732484076433
2 0.9353146853146853 0.15445859872611464 0.05011655011655012 0.03821656050955414
2 0.06468531468531469 0.4585987261146497 0.03146853146853147 0.07961783439490445
1 0.6025641025641025 0.5230891719745223 0.046620046620046623 0.10987261146496816
