2 0.46153846153846156 0.5270700636942676 0.07925407925407925 0.054140127388535034
1 0.8513986013986014 0.6130573248407644 0.029137529137529136 0.08598726114649681
1 0.7814685314685315 0.26910828025477707 0.0944055944055944 0.06050955414012739
1 0.8455710955710956 0.12898089171974522 0.05944055944055944 0.1305732484076433
2 0.6707459207459208 0.6393312101910829 0.03146853146853147 0.06210191082802548
1 0.20046620046620048 0.19665605095541402 0.06060606060606061 0.06528662420382166
0 0.22261072261072262 0.6910828025477707 0.037296037296037296 0.07643312101910828
1 0.9498834498834499 0.5151273885350318 0.08158508158508158 0.06210191082802548
2 0.1987179487179487 0.9068471337579618 0.0337995337995338 0.1035031847133758
1 0.6054778554778555 0.8272292993630573 0.07575757575757576 0.04617834394904458
