2 0.9312354312354313 0.3335987261146497 0.10955710955710955 0.07802547770700637
1 0.7045454545454546 0.16878980891719744 0.05944055944055944 0.1305732484076433
2 0.3181818181818182 0.08678343949044585 0.027972027972027972 0.06847133757961783
1 0.8286713286713286 0.16162420382165604 0.0675990675990676 0.17993630573248406
1 0.3071095571095571 0.5748407643312102 0.038461538461538464 0.11146496815286625
1 0.6794871794871795 0.9689490445859873 0.09557109557109557 0.06210191082802548
1 0.030885780885780884 0.5947452229299363 0.05944055944055944 0.1321656050955414
0 0.9714452214452215 0.08200636942675159 0.026806526806526808 0.06847133757961783
1 0.12354312354312354 0.2619426751592357 0.0675990675990676 0.042993630573248405
0 0.958041958041958 0.18630573248407642 0.06993006993006994 0.054140127388535034
