1 0.747086247086247 0.2356687898089172 0.14685314685314685 0.08917197452229299
1 0.14627039627039626 0.1409235668789809 0.13403263403263405 0.09076433121019108
0 0.1649184149184149 0.7635350318471338 0.05244755244755245 0.0875796178343949
1 0.3513986013986014 0.4339171974522293 0.05944055944055944 0.1321656050955414
1 0.5635198135198135 0.5047770700636943 0.04079254079254079 0.025477707006369428
1 0.06701631701631702 0.2714968152866242 0.08275058275058275 0.07484076433121019
2 0.4772727272727273 0.7914012738853503 0.024475524475524476 0.06687898089171974
1 0.8438228438228438 0.39410828025477707 0.05827505827505827 0.03662420382165605
1 0.6736596736596736 0.13694267515923567 0.046620046620046623 0.028662420382165606
1 0.25757575757575757 0.6584394904458599 0.04428904428904429 0.12898089171974522
