1 0.18822843822843824 0.9530254777070064 0.038461538461538464 0.02388535031847134
2 0.49125874125874125 0.43789808917197454 0.0337995337995338 0.08598726114649681
1 0.41025641025641024 0.22372611464968153 0.039627039627039624 0.02388535031847134
1 0.3175990675990676 0.7810509554140127 0.07109557109557109 0.06210191082802548
0 0.3275058275058275 0.856687898089172 0.023310023310023312 0.050955414012738856
0 0.918997668997669 0.28105095541401276 0.038461538461538464 0.08439490445859872
1 0.26048951048951047 0.5939490445859873 0.05944055944055944 0.05732484076433121
1 0.36713286713286714 0.429140127388535 0.04428904428904429 0.1321656050955414
1 0.30477855477855476 0.28105095541401276 0.05944055944055944 0.1321656050955414
1 0.8496503496503497 0.392515923566879 0.08158508158508158 0.06210191082802548
