1 0.541958041958042 0.08280254777070063 0.030303030303030304 0.07643312101910828
2 0.32284382284382285 0.7356687898089171 0.06060606060606061 0.1178343949044586
2 0.4493006993006993 0.05652866242038217 0.06177156177156177 0.052547770700636945
0 0.5961538461538461 0.37420382165605093 0.06876456876456877 0.054140127388535034
1 0.40034965034965037 0.4299363057324841 0.0641025641025641 0.06050955414012739
1 0.16783216783216784 0.7245222929936306 0.04428904428904429 0.11464968152866242
1 0.17715617715617715 0.09394904458598727 0.06993006993006994 0.07006369426751592
2 0.8694638694638694 0.21496815286624205 0.08624708624708624 0.054140127388535034
2 0.7832167832167832 0.17595541401273884 0.04895104895104895 0.1321656050955414
1 0.6765734265734266 0.7890127388535032 0.05944055944055944 0.1321656050955414
