2 0.07692307692307693 0.8957006369426752 0.04895104895104895 0.030254777070063694
1 0.15675990675990675 0.1807324840764331 0.07109557109557109 0.06210191082802548
2 0.7861305361305362 0.2428343949044586 0.06177156177156177 0.052547770700636945
1 0.2966200466200466 0.9299363057324841 0.09207459207459208 0.05732484076433121
0 0.5874125874125874 0.7961783439490446 0.06993006993006994 0.1305732484076433
0 0.8642191142191142 0.34235668789808915 0.0780885780885781 0.1305732484076433
0 0.4632867132867133 0.3535031847133758 0.0337995337995338 0.07961783439490445
1 0.5617715617715617 0.5421974522292994 0.07925407925407925 0.04936305732484077
0 0.884032634032634 0.4880573248407643 0.09906759906759907 0.09394904458598727
0 0.7587412587412588 0.6369426751592356 0.055944055944055944 0.07006369426751592
