1 0.44114219114219116 0.8654458598726115 0.05944055944055944 0.1321656050955414
1 0.9108391608391608 0.7890127388535032 0.05944055944055944 0.1321656050955414
1 0.7721445221445221 0.3057324840764331 0.05944055944055944 0.1305732484076433
2 0.11305361305361306 0.8686305732484076 0.037296037296037296 0.08439490445859872
1 0.6276223776223776 0.570859872611465 0.05710955710955711 0.03662420382165605
2 0.32925407925407923 0.5159235668789809 0.06177156177156177 0.050955414012738856
1 0.5355477855477856 0.8861464968152867 0.08275058275058275 0.07484076433121019
2 0.21386946386946387 0.6114649681528662 0.038461538461538464 0.08280254777070063
1 0.15034965034965034 0.5039808917197452 0.07226107226107226 0.04617834394904458
1 0.17074592074592074 0.19347133757961785 0.029137529137529136 0.07802547770700637
