1 0.5023310023310024 0.2300955414012739 0.037296037296037296 0.10987261146496816
1 0.9487179487179487 0.4164012738853503 0.0979020979020979 0.0875796178343949
2 0.6724941724941725 0.6560509554140127 0.04895104895104895 0.03503184713375796
1 0.8741258741258742 0.8622611464968153 0.055944055944055944 0.1035031847133758
1 0.7768065268065268 0.49920382165605093 0.05944055944055944 0.1321656050955414
1 0.7692307692307693 0.8144904458598726 0.09557109557109557 0.08121019108280254
1 0.9399766899766899 0.10828025477707007 0.06876456876456877 0.054140127388535034
1 0.32342657342657344 0.49920382165605093 0.05944055944055944 0.1321656050955414
2 0.06235431235431235 0.7221337579617835 0.0337995337995338 0.07802547770700637
0 0.6940559440559441 0.16003184713375795 0.038461538461538464 0.08439490445859872
