1 0.8554778554778555 0.4211783439490446 0.02564102564102564 0.0589171974522293
0 0.831002331002331 0.7269108280254777 0.06060606060606061 0.06528662420382166
1 0.4131701631701632 0.05015923566878981 0.029137529137529136 0.09076433121019108
0 0.14918414918414918 0.429140127388535 0.055944055944055944 0.1035031847133758
1 0.9271561771561772 0.945859872611465 0.13403263403263405 0.09872611464968153
1 0.7534965034965035 0.6902866242038217 0.08741258741258741 0.0875796178343949
1 0.32925407925407923 0.5262738853503185 0.08275058275058275 0.07484076433121019
0 0.8257575757575758 0.8996815286624203 0.05011655011655012 0.03821656050955414
1 0.12412587412587413 0.11146496815286625 0.05944055944055944 0.1305732484076433
2 0.5565268065268065 0.7699044585987261 0.06177156177156177 0.052547770700636945
