1 0.16666666666666666 0.6847133757961783 0.039627039627039624 0.025477707006369428
0 0.6765734265734266 0.9323248407643312 0.0944055944055944 0.09076433121019108
1 0.3333333333333333 0.07961783439490445 0.053613053613053616 0.04777070063694268
1 0.21037296037296038 0.3821656050955414 0.08741258741258741 0.07006369426751592
1 0.09207459207459208 0.7277070063694268 0.023310023310023312 0.022292993630573247
1 0.4201631701631702 0.03184713375796178 0.06643356643356643 0.06369426751592357
0 0.6019813519813519 0.36544585987261147 0.0641025641025641 0.04936305732484077
0 0.04487179487179487 0.35509554140127386 0.05710955710955711 0.050955414012738856
0 0.08974358974358974 0.8638535031847133 0.046620046620046623 0.1035031847133758
0 0.8601398601398601 0.7722929936305732 0.05128205128205128 0.04777070063694268
