0 0.30128205128205127 0.10270700636942676 0.09906759906759907 0.08121019108280254
1 0.8811188811188811 0.5565286624203821 0.03496503496503497 0.027070063694267517
2 0.06993006993006994 0.14410828025477707 0.03496503496503497 0.09713375796178345
1 0.578088578088578 0.5023885350318471 0.055944055944055944 0.06847133757961783
1 0.6136363636363636 0.34394904458598724 0.05944055944055944 0.1305732484076433
2 0.047785547785547784 0.3877388535031847 0.030303030303030304 0.07165605095541401
1 0.6019813519813519 0.09952229299363058 0.05944055944055944 0.1321656050955414
1 0.23076923076923078 0.9020700636942676 0.04428904428904429 0.12579617834394904
1 0.8135198135198135 0.5923566878980892 0.06993006993006994 0.1942675159235669
1 0.736013986013986 0.5445859872611465 0.05944055944055944 0.1305732484076433
