1 0.9102564102564102 0.9442675159235668 0.08857808857808858 0.05732484076433121
0 0.9312354312354313 0.21019108280254778 0.023310023310023312 0.06687898089171974
1 0.3956876456876457 0.5421974522292994 0.04079254079254079 0.02388535031847134
2 0.7977855477855478 0.1823248407643312 0.047785547785547784 0.03662420382165605
1 0.2896270396270396 0.6871019108280255 0.05944055944055944 0.03980891719745223
1 0.49067599067599066 0.6393312101910829 0.09324009324009325 0.07165605095541401
1 0.803030303030303 0.2269108280254777 0.053613053613053616 0.04617834394904458
0 0.24766899766899766 0.33678343949044587 0.019813519813519812 0.05573248407643312
1 0.6427738927738927 0.8017515923566879 0.045454545454545456 0.09076433121019108
1 0.6561771561771562 0.9171974522292994 0.016317016317016316 0.054140127388535034
