1 0.27505827505827507 0.1552547770700637 0.03263403263403263 0.09076433121019108
2 0.18706293706293706 0.9060509554140127 0.026806526806526808 0.07643312101910828
0 0.4388111888111888 0.7277070063694268 0.11538461538461539 0.09235668789808917
1 0.2878787878787879 0.4912420382165605 0.05827505827505827 0.11305732484076433
0 0.3822843822843823 0.34156050955414013 0.05128205128205128 0.08121019108280254
1 0.5495337995337995 0.3335987261146497 0.05944055944055944 0.042993630573248405
2 0.7826340326340326 0.6998407643312102 0.05011655011655012 0.03343949044585987
1 0.8904428904428905 0.24761146496815287 0.04195804195804196 0.12261146496815287
0 0.6328671328671329 0.3662420382165605 0.05128205128205128 0.04777070063694268
0 0.1182983682983683 0.11385350318471338 0.06177156177156177 0.052547770700636945
