1 0.5693473193473193 0.6878980891719745 0.0337995337995338 0.01910828025477707
0 0.5751748251748252 0.9052547770700637 0.08508158508158509 0.07484076433121019
1 0.925990675990676 0.16003184713375795 0.05710955710955711 0.03662420382165605
1 0.7698135198135199 0.677547770700637 0.05710955710955711 0.04617834394904458
2 0.28496503496503495 0.6194267515923567 0.07575757575757576 0.0732484076433121
2 0.1958041958041958 0.9705414012738853 0.07925407925407925 0.04936305732484077
2 0.47785547785547783 0.8638535031847133 0.04895104895104895 0.03343949044585987
0 0.3327505827505827 0.40605095541401276 0.13636363636363635 0.1337579617834395
2 0.5396270396270396 0.23168789808917198 0.023310023310023312 0.06528662420382166
1 0.7494172494172494 0.02945859872611465 0.039627039627039624 0.02388535031847134
