1 0.3583916083916084 0.822452229299363 0.05944055944055944 0.1321656050955414
1 0.28846153846153844 0.3495222929936306 0.026806526806526808 0.08121019108280254
1 0.4562937062937063 0.42038216560509556 0.05944055944055944 0.1305732484076433
2 0.20337995337995338 0.6186305732484076 0.05710955710955711 0.03662420382165605
1 0.701048951048951 0.6512738853503185 0.04312354312354312 0.06050955414012739
1 0.4289044289044289 0.6178343949044586 0.039627039627039624 0.022292993630573247
1 0.25757575757575757 0.4482484076433121 0.08624708624708624 0.0589171974522293
0 0.5635198135198135 0.5995222929936306 0.05944055944055944 0.04617834394904458
1 0.3968531468531469 0.6385350318471338 0.017482517482517484 0.054140127388535034
1 0.884032634032634 0.6098726114649682 0.05944055944055944 0.1305732484076433
