0 0.45454545454545453 0.15764331210191082 0.14219114219114218 0.11464968152866242
1 0.05536130536130536 0.7635350318471338 0.08508158508158509 0.0589171974522293
1 0.5903263403263403 0.07404458598726114 0.038461538461538464 0.02388535031847134
2 0.7342657342657343 0.5549363057324841 0.030303030303030304 0.07802547770700637
1 0.47144522144522144 0.7714968152866242 0.06876456876456877 0.06210191082802548
1 0.6847319347319347 0.22531847133757962 0.13403263403263405 0.08439490445859872
1 0.9423076923076923 0.8495222929936306 0.05944055944055944 0.1321656050955414
1 0.8857808857808858 0.5103503184713376 0.04195804195804196 0.09394904458598727
0 0.7896270396270396 0.9164012738853503 0.03613053613053613 0.07165605095541401
2 0.4289044289044289 0.8542993630573248 0.08158508158508158 0.04936305732484077
