1 0.8106060606060606 0.2945859872611465 0.06876456876456877 0.1910828025477707
1 0.6241258741258742 0.10668789808917198 0.024475524475524476 0.0732484076433121
2 0.38986013986013984 0.17914012738853502 0.03613053613053613 0.07484076433121019
1 0.3123543123543124 0.42436305732484075 0.04428904428904429 0.1321656050955414
0 0.7237762237762237 0.7197452229299363 0.08158508158508158 0.06050955414012739
2 0.8484848484848485 0.12022292993630573 0.030303030303030304 0.08439490445859872
0 0.4522144522144522 0.6592356687898089 0.03496503496503497 0.0732484076433121
0 0.22552447552447552 0.13455414012738853 0.054778554778554776 0.11305732484076433
1 0.07983682983682984 0.8909235668789809 0.029137529137529136 0.08121019108280254
2 0.4160839160839161 0.892515923566879 0.039627039627039624 0.10668789808917198
