2 0.8362470862470862 0.10429936305732485 0.05944055944055944 0.052547770700636945
1 0.11713286713286714 0.7356687898089171 0.04312354312354312 0.06050955414012739
0 0.9545454545454546 0.7492038216560509 0.03496503496503497 0.06847133757961783
1 0.0944055944055944 0.5812101910828026 0.06993006993006994 0.07006369426751592
2 0.3508158508158508 0.5310509554140127 0.037296037296037296 0.08439490445859872
2 0.791958041958042 0.4036624203821656 0.029137529137529136 0.07484076433121019
1 0.9772727272727273 0.10668789808917198 0.04079254079254079 0.025477707006369428
2 0.3886946386946387 0.5644904458598726 0.019813519813519812 0.05573248407643312
0 0.62004662004662 0.7906050955414012 0.04428904428904429 0.09394904458598727
1 0.6101398601398601 0.1982484076433121 0.05944055944055944 0.1321656050955414
