1 0.8787878787878788 0.8646496815286624 0.023310023310023312 0.050955414012738856
2 0.6439393939393939 0.5429936305732485 0.03146853146853147 0.07643312101910828
1 0.7331002331002331 0.06289808917197452 0.05128205128205128 0.11942675159235669
0 0.6882284382284383 0.1552547770700637 0.05944055944055944 0.04617834394904458
1 0.6008158508158508 0.16162420382165604 0.08974358974358974 0.05573248407643312
0 0.04836829836829837 0.8240445859872612 0.03146853146853147 0.042993630573248405
1 0.8548951048951049 0.11624203821656051 0.05944055944055944 0.1305732484076433
2 0.243006993006993 0.5207006369426752 0.06876456876456877 0.044585987261146494
2 0.7744755244755245 0.5334394904458599 0.03146853146853147 0.08598726114649681
2 0.2715617715617716 0.02308917197452229 0.053613053613053616 0.03662420382165605
