1 0.8921911421911422 0.589171974522293 0.022144522144522144 0.07006369426751592
0 0.5203962703962703 0.642515923566879 0.038461538461538464 0.08439490445859872
2 0.460955710955711 0.07563694267515923 0.038461538461538464 0.08121019108280254
1 0.09557109557109557 0.2300955414012739 0.09557109557109557 0.06210191082802548
0 0.7703962703962703 0.5039808917197452 0.07226107226107226 0.1321656050955414
1 0.087995337995338 0.8821656050955414 0.017482517482517484 0.054140127388535034
2 0.9335664335664335 0.1337579617834395 0.027972027972027972 0.07643312101910828
0 0.6083916083916084 0.8463375796178344 0.037296037296037296 0.06847133757961783
1 0.43065268065268064 0.7762738853503185 0.05944055944055944 0.1321656050955414
1 0.28613053613053613 0.3057324840764331 0.024475524475524476 0.06687898089171974
