1 0.1456876456876457 0.8885350318471338 0.10722610722610723 0.11464968152866242
1 0.2395104895104895 0.6711783439490446 0.05944055944055944 0.03662420382165605
0 0.046620046620046623 0.893312101910828 0.02564102564102564 0.06687898089171974
0 0.24358974358974358 0.7659235668789809 0.06993006993006994 0.06369426751592357
2 0.8653846153846154 0.43630573248407645 0.022144522144522144 0.06369426751592357
1 0.5541958041958042 0.8152866242038217 0.045454545454545456 0.12420382165605096
1 0.418997668997669 0.08519108280254777 0.05710955710955711 0.04617834394904458
0 0.6666666666666666 0.9665605095541401 0.055944055944055944 0.054140127388535034
2 0.12703962703962704 0.22770700636942676 0.05827505827505827 0.03821656050955414
0 0.47785547785547783 0.7786624203821656 0.04895104895104895 0.10191082802547771
