1 0.9388111888111889 0.7778662420382165 0.09673659673659674 0.08121019108280254
1 0.0780885780885781 0.9148089171974523 0.02564102564102564 0.0589171974522293
1 0.36596736596736595 0.6751592356687898 0.039627039627039624 0.025477707006369428
1 0.668997668997669 0.8964968152866242 0.023310023310023312 0.050955414012738856
0 0.28438228438228436 0.5047770700636943 0.0675990675990676 0.06369426751592357
1 0.48834498834498835 0.9578025477707006 0.08158508158508158 0.06210191082802548
1 0.5064102564102564 0.17117834394904458 0.07109557109557109 0.06210191082802548
1 0.7418414918414918 0.6894904458598726 0.03613053613053613 0.022292993630573247
2 0.1655011655011655 0.1679936305732484 0.07925407925407925 0.052547770700636945
0 0.506993006993007 0.8447452229299363 0.030303030303030304 0.07165605095541401
